(kicad_pcb (version 20171130) (host pcbnew "(5.1.5)-3")

  (general
    (thickness 1.6)
    (drawings 21)
    (tracks 123)
    (zones 0)
    (modules 13)
    (nets 11)
  )

  (page A4)
  (layers
    (0 F.Cu signal)
    (1 In1.Cu power)
    (2 In2.Cu power)
    (31 B.Cu signal)
    (32 B.Adhes user)
    (33 F.Adhes user)
    (34 B.Paste user hide)
    (35 F.Paste user hide)
    (36 B.SilkS user)
    (37 F.SilkS user)
    (38 B.Mask user hide)
    (39 F.Mask user)
    (40 Dwgs.User user)
    (41 Cmts.User user)
    (42 Eco1.User user)
    (43 Eco2.User user)
    (44 Edge.Cuts user)
    (45 Margin user hide)
    (46 B.CrtYd user)
    (47 F.CrtYd user)
    (48 B.Fab user)
    (49 F.Fab user hide)
  )

  (setup
    (last_trace_width 0.25)
    (user_trace_width 0.254)
    (trace_clearance 0.2)
    (zone_clearance 0.2)
    (zone_45_only no)
    (trace_min 0.2)
    (via_size 0.8)
    (via_drill 0.4)
    (via_min_size 0.4)
    (via_min_drill 0.3)
    (user_via 0.4 0.3048)
    (uvia_size 0.3)
    (uvia_drill 0.1)
    (uvias_allowed no)
    (uvia_min_size 0.2)
    (uvia_min_drill 0.1)
    (edge_width 0.05)
    (segment_width 0.2)
    (pcb_text_width 0.3)
    (pcb_text_size 1.5 1.5)
    (mod_edge_width 0.12)
    (mod_text_size 1 1)
    (mod_text_width 0.15)
    (pad_size 0.25 1)
    (pad_drill 0)
    (pad_to_mask_clearance 0.051)
    (solder_mask_min_width 0.25)
    (aux_axis_origin 0 0)
    (visible_elements 7FFFFFFF)
    (pcbplotparams
      (layerselection 0x010fc_ffffffff)
      (usegerberextensions false)
      (usegerberattributes false)
      (usegerberadvancedattributes false)
      (creategerberjobfile false)
      (excludeedgelayer true)
      (linewidth 0.100000)
      (plotframeref false)
      (viasonmask false)
      (mode 1)
      (useauxorigin false)
      (hpglpennumber 1)
      (hpglpenspeed 20)
      (hpglpendiameter 15.000000)
      (psnegative false)
      (psa4output false)
      (plotreference true)
      (plotvalue true)
      (plotinvisibletext false)
      (padsonsilk false)
      (subtractmaskfromsilk false)
      (outputformat 1)
      (mirror false)
      (drillshape 0)
      (scaleselection 1)
      (outputdirectory "Straightener01_Gerber/"))
  )

  (net 0 "")
  (net 1 /VIN)
  (net 2 GND)
  (net 3 /VOUT)
  (net 4 /EN_UV)
  (net 5 /PG)
  (net 6 "Net-(C3-Pad2)")
  (net 7 /SET)
  (net 8 /OUTS)
  (net 9 /ILIM)
  (net 10 /PGFB)

  (net_class Default "This is the default net class."
    (clearance 0.2)
    (trace_width 0.25)
    (via_dia 0.8)
    (via_drill 0.4)
    (uvia_dia 0.3)
    (uvia_drill 0.1)
    (add_net /EN_UV)
    (add_net /ILIM)
    (add_net /OUTS)
    (add_net /PG)
    (add_net /PGFB)
    (add_net /SET)
    (add_net /VIN)
    (add_net /VOUT)
    (add_net GND)
    (add_net "Net-(C3-Pad2)")
  )

  (module Straightener01:C_1206_Split (layer F.Cu) (tedit 5E50749A) (tstamp 5E337F4B)
    (at 134 100.99)
    (descr "Capacitor SMD 1206 (3216 Metric), square (rectangular) end terminal, IPC_7351 nominal with elongated pad for handsoldering. (Body size source: http://www.tortai-tech.com/upload/download/2011102023233369053.pdf), generated with kicad-footprint-generator")
    (tags "capacitor handsolder")
    (path /5E36F88B)
    (attr smd)
    (fp_text reference C4 (at 0 -1.59) (layer F.SilkS)
      (effects (font (size 0.75 0.75) (thickness 0.1125)))
    )
    (fp_text value 10uF (at 0 1.82) (layer F.Fab) hide
      (effects (font (size 1 1) (thickness 0.15)))
    )
    (fp_text user %R (at 0 0) (layer F.Fab) hide
      (effects (font (size 0.8 0.8) (thickness 0.12)))
    )
    (fp_line (start 2.45 1.12) (end -2.45 1.12) (layer F.CrtYd) (width 0.05))
    (fp_line (start 2.45 -1.12) (end 2.45 1.12) (layer F.CrtYd) (width 0.05))
    (fp_line (start -2.45 -1.12) (end 2.45 -1.12) (layer F.CrtYd) (width 0.05))
    (fp_line (start -2.45 1.12) (end -2.45 -1.12) (layer F.CrtYd) (width 0.05))
    (fp_line (start -0.602064 0.91) (end 0.602064 0.91) (layer F.SilkS) (width 0.12))
    (fp_line (start -0.602064 -0.91) (end 0.602064 -0.91) (layer F.SilkS) (width 0.12))
    (fp_line (start 1.6 0.8) (end -1.6 0.8) (layer F.Fab) (width 0.1))
    (fp_line (start 1.6 -0.8) (end 1.6 0.8) (layer F.Fab) (width 0.1))
    (fp_line (start -1.6 -0.8) (end 1.6 -0.8) (layer F.Fab) (width 0.1))
    (fp_line (start -1.6 0.8) (end -1.6 -0.8) (layer F.Fab) (width 0.1))
    (pad 4 smd roundrect (at 1.4875 0.5) (size 1.425 0.75) (layers F.Cu F.Paste F.Mask) (roundrect_rratio 0.175)
      (net 8 /OUTS))
    (pad 3 smd roundrect (at 1.4875 -0.5) (size 1.425 0.75) (layers F.Cu F.Paste F.Mask) (roundrect_rratio 0.175)
      (net 3 /VOUT))
    (pad 2 smd roundrect (at -1.4875 0.5) (size 1.425 0.75) (layers F.Cu F.Paste F.Mask) (roundrect_rratio 0.175)
      (net 2 GND))
    (pad 1 smd roundrect (at -1.4875 -0.5) (size 1.425 0.75) (layers F.Cu F.Paste F.Mask) (roundrect_rratio 0.175)
      (net 6 "Net-(C3-Pad2)"))
    (model ${KISYS3DMOD}/Capacitor_SMD.3dshapes/C_1206_3216Metric.wrl
      (at (xyz 0 0 0))
      (scale (xyz 1 1 1))
      (rotate (xyz 0 0 0))
    )
  )

  (module Capacitor_SMD:CP_Elec_5x5.3 (layer B.Cu) (tedit 5BCA39CF) (tstamp 5E336D42)
    (at 107.6 100.8)
    (descr "SMD capacitor, aluminum electrolytic, Nichicon, 5.0x5.3mm")
    (tags "capacitor electrolytic")
    (path /5E227E73)
    (attr smd)
    (fp_text reference C1 (at 0 4.35) (layer B.SilkS)
      (effects (font (size 1 1) (thickness 0.15)) (justify mirror))
    )
    (fp_text value 22uF (at 0 -4.35) (layer B.Fab)
      (effects (font (size 1 1) (thickness 0.15)) (justify mirror))
    )
    (fp_text user %R (at 0 0) (layer B.Fab)
      (effects (font (size 1 1) (thickness 0.15)) (justify mirror))
    )
    (fp_line (start -3.95 -1.05) (end -2.9 -1.05) (layer B.CrtYd) (width 0.05))
    (fp_line (start -3.95 1.05) (end -3.95 -1.05) (layer B.CrtYd) (width 0.05))
    (fp_line (start -2.9 1.05) (end -3.95 1.05) (layer B.CrtYd) (width 0.05))
    (fp_line (start -2.9 -1.05) (end -2.9 -1.75) (layer B.CrtYd) (width 0.05))
    (fp_line (start -2.9 1.75) (end -2.9 1.05) (layer B.CrtYd) (width 0.05))
    (fp_line (start -2.9 1.75) (end -1.75 2.9) (layer B.CrtYd) (width 0.05))
    (fp_line (start -2.9 -1.75) (end -1.75 -2.9) (layer B.CrtYd) (width 0.05))
    (fp_line (start -1.75 2.9) (end 2.9 2.9) (layer B.CrtYd) (width 0.05))
    (fp_line (start -1.75 -2.9) (end 2.9 -2.9) (layer B.CrtYd) (width 0.05))
    (fp_line (start 2.9 -1.05) (end 2.9 -2.9) (layer B.CrtYd) (width 0.05))
    (fp_line (start 3.95 -1.05) (end 2.9 -1.05) (layer B.CrtYd) (width 0.05))
    (fp_line (start 3.95 1.05) (end 3.95 -1.05) (layer B.CrtYd) (width 0.05))
    (fp_line (start 2.9 1.05) (end 3.95 1.05) (layer B.CrtYd) (width 0.05))
    (fp_line (start 2.9 2.9) (end 2.9 1.05) (layer B.CrtYd) (width 0.05))
    (fp_line (start -3.3125 1.9975) (end -3.3125 1.3725) (layer B.SilkS) (width 0.12))
    (fp_line (start -3.625 1.685) (end -3 1.685) (layer B.SilkS) (width 0.12))
    (fp_line (start -2.76 -1.695563) (end -1.695563 -2.76) (layer B.SilkS) (width 0.12))
    (fp_line (start -2.76 1.695563) (end -1.695563 2.76) (layer B.SilkS) (width 0.12))
    (fp_line (start -2.76 1.695563) (end -2.76 1.06) (layer B.SilkS) (width 0.12))
    (fp_line (start -2.76 -1.695563) (end -2.76 -1.06) (layer B.SilkS) (width 0.12))
    (fp_line (start -1.695563 -2.76) (end 2.76 -2.76) (layer B.SilkS) (width 0.12))
    (fp_line (start -1.695563 2.76) (end 2.76 2.76) (layer B.SilkS) (width 0.12))
    (fp_line (start 2.76 2.76) (end 2.76 1.06) (layer B.SilkS) (width 0.12))
    (fp_line (start 2.76 -2.76) (end 2.76 -1.06) (layer B.SilkS) (width 0.12))
    (fp_line (start -1.783956 1.45) (end -1.783956 0.95) (layer B.Fab) (width 0.1))
    (fp_line (start -2.033956 1.2) (end -1.533956 1.2) (layer B.Fab) (width 0.1))
    (fp_line (start -2.65 -1.65) (end -1.65 -2.65) (layer B.Fab) (width 0.1))
    (fp_line (start -2.65 1.65) (end -1.65 2.65) (layer B.Fab) (width 0.1))
    (fp_line (start -2.65 1.65) (end -2.65 -1.65) (layer B.Fab) (width 0.1))
    (fp_line (start -1.65 -2.65) (end 2.65 -2.65) (layer B.Fab) (width 0.1))
    (fp_line (start -1.65 2.65) (end 2.65 2.65) (layer B.Fab) (width 0.1))
    (fp_line (start 2.65 2.65) (end 2.65 -2.65) (layer B.Fab) (width 0.1))
    (fp_circle (center 0 0) (end 2.5 0) (layer B.Fab) (width 0.1))
    (pad 2 smd roundrect (at 2.2 0) (size 3 1.6) (layers B.Cu B.Paste B.Mask) (roundrect_rratio 0.15625)
      (net 2 GND))
    (pad 1 smd roundrect (at -2.2 0) (size 3 1.6) (layers B.Cu B.Paste B.Mask) (roundrect_rratio 0.15625)
      (net 1 /VIN))
    (model ${KISYS3DMOD}/Capacitor_SMD.3dshapes/CP_Elec_5x5.3.wrl
      (at (xyz 0 0 0))
      (scale (xyz 1 1 1))
      (rotate (xyz 0 0 0))
    )
  )

  (module Capacitor_SMD:C_1206_3216Metric_Pad1.42x1.75mm_HandSolder (layer B.Cu) (tedit 5B301BBE) (tstamp 5E336D53)
    (at 125.5 104.9 180)
    (descr "Capacitor SMD 1206 (3216 Metric), square (rectangular) end terminal, IPC_7351 nominal with elongated pad for handsoldering. (Body size source: http://www.tortai-tech.com/upload/download/2011102023233369053.pdf), generated with kicad-footprint-generator")
    (tags "capacitor handsolder")
    (path /5E227263)
    (attr smd)
    (fp_text reference C2 (at 0 1.5) (layer B.SilkS)
      (effects (font (size 0.75 0.75) (thickness 0.1125)) (justify mirror))
    )
    (fp_text value 4.7uF (at 0 -1.82) (layer B.Fab) hide
      (effects (font (size 1 1) (thickness 0.15)) (justify mirror))
    )
    (fp_line (start -1.6 -0.8) (end -1.6 0.8) (layer B.Fab) (width 0.1))
    (fp_line (start -1.6 0.8) (end 1.6 0.8) (layer B.Fab) (width 0.1))
    (fp_line (start 1.6 0.8) (end 1.6 -0.8) (layer B.Fab) (width 0.1))
    (fp_line (start 1.6 -0.8) (end -1.6 -0.8) (layer B.Fab) (width 0.1))
    (fp_line (start -0.602064 0.91) (end 0.602064 0.91) (layer B.SilkS) (width 0.12))
    (fp_line (start -0.602064 -0.91) (end 0.602064 -0.91) (layer B.SilkS) (width 0.12))
    (fp_line (start -2.45 -1.12) (end -2.45 1.12) (layer B.CrtYd) (width 0.05))
    (fp_line (start -2.45 1.12) (end 2.45 1.12) (layer B.CrtYd) (width 0.05))
    (fp_line (start 2.45 1.12) (end 2.45 -1.12) (layer B.CrtYd) (width 0.05))
    (fp_line (start 2.45 -1.12) (end -2.45 -1.12) (layer B.CrtYd) (width 0.05))
    (fp_text user %R (at 0 0) (layer B.Fab) hide
      (effects (font (size 0.8 0.8) (thickness 0.12)) (justify mirror))
    )
    (pad 1 smd roundrect (at -1.4875 0 180) (size 1.425 1.75) (layers B.Cu B.Paste B.Mask) (roundrect_rratio 0.175439)
      (net 1 /VIN))
    (pad 2 smd roundrect (at 1.4875 0 180) (size 1.425 1.75) (layers B.Cu B.Paste B.Mask) (roundrect_rratio 0.175439)
      (net 2 GND))
    (model ${KISYS3DMOD}/Capacitor_SMD.3dshapes/C_1206_3216Metric.wrl
      (at (xyz 0 0 0))
      (scale (xyz 1 1 1))
      (rotate (xyz 0 0 0))
    )
  )

  (module Capacitor_SMD:C_1206_3216Metric_Pad1.42x1.75mm_HandSolder (layer F.Cu) (tedit 5E336D88) (tstamp 5E47215B)
    (at 137.6 103 90)
    (descr "Capacitor SMD 1206 (3216 Metric), square (rectangular) end terminal, IPC_7351 nominal with elongated pad for handsoldering. (Body size source: http://www.tortai-tech.com/upload/download/2011102023233369053.pdf), generated with kicad-footprint-generator")
    (tags "capacitor handsolder")
    (path /5E233AC4)
    (attr smd)
    (fp_text reference C3 (at 2.9 0) (layer F.SilkS)
      (effects (font (size 0.75 0.75) (thickness 0.1125)))
    )
    (fp_text value 4.7uF (at 0 1.82 90) (layer F.Fab)
      (effects (font (size 1 1) (thickness 0.15)))
    )
    (fp_text user %R (at 0 0 90) (layer F.Fab)
      (effects (font (size 0.8 0.8) (thickness 0.12)))
    )
    (fp_line (start 2.45 1.12) (end -2.45 1.12) (layer F.CrtYd) (width 0.05))
    (fp_line (start 2.45 -1.12) (end 2.45 1.12) (layer F.CrtYd) (width 0.05))
    (fp_line (start -2.45 -1.12) (end 2.45 -1.12) (layer F.CrtYd) (width 0.05))
    (fp_line (start -2.45 1.12) (end -2.45 -1.12) (layer F.CrtYd) (width 0.05))
    (fp_line (start -0.602064 0.91) (end 0.602064 0.91) (layer F.SilkS) (width 0.12))
    (fp_line (start -0.602064 -0.91) (end 0.602064 -0.91) (layer F.SilkS) (width 0.12))
    (fp_line (start 1.6 0.8) (end -1.6 0.8) (layer F.Fab) (width 0.1))
    (fp_line (start 1.6 -0.8) (end 1.6 0.8) (layer F.Fab) (width 0.1))
    (fp_line (start -1.6 -0.8) (end 1.6 -0.8) (layer F.Fab) (width 0.1))
    (fp_line (start -1.6 0.8) (end -1.6 -0.8) (layer F.Fab) (width 0.1))
    (pad 2 smd roundrect (at 1.4875 0 90) (size 1.425 1.75) (layers F.Cu F.Paste F.Mask) (roundrect_rratio 0.175)
      (net 6 "Net-(C3-Pad2)"))
    (pad 1 smd roundrect (at -1.4875 0 90) (size 1.425 1.75) (layers F.Cu F.Paste F.Mask) (roundrect_rratio 0.175439)
      (net 7 /SET))
    (model ${KISYS3DMOD}/Capacitor_SMD.3dshapes/C_1206_3216Metric.wrl
      (at (xyz 0 0 0))
      (scale (xyz 1 1 1))
      (rotate (xyz 0 0 0))
    )
  )

  (module Straightener01:DFN-10 (layer F.Cu) (tedit 5E445622) (tstamp 5E336D84)
    (at 133 104 270)
    (path /5E22EFD2)
    (fp_text reference IC1 (at 0 -2.925 90) (layer F.SilkS) hide
      (effects (font (size 1 1) (thickness 0.15)))
    )
    (fp_text value LT3045EDD (at 0 -3.925 90) (layer F.Fab)
      (effects (font (size 1 1) (thickness 0.15)))
    )
    (pad 1 smd rect (at -1 1.525 270) (size 0.25 1) (layers F.Cu F.Paste F.Mask)
      (net 1 /VIN))
    (pad 2 smd rect (at -0.5 1.525 270) (size 0.25 1) (layers F.Cu F.Paste F.Mask)
      (net 1 /VIN))
    (pad 3 smd rect (at 0 1.525 270) (size 0.25 1) (layers F.Cu F.Paste F.Mask)
      (net 4 /EN_UV))
    (pad 4 smd rect (at 0.5 1.525 270) (size 0.25 1) (layers F.Cu F.Paste F.Mask)
      (net 5 /PG))
    (pad 5 smd rect (at 1 1.525 270) (size 0.25 1) (layers F.Cu F.Paste F.Mask)
      (net 9 /ILIM))
    (pad 6 smd rect (at 1 -1.525 270) (size 0.25 1) (layers F.Cu F.Paste F.Mask)
      (net 10 /PGFB))
    (pad 7 smd rect (at 0.5 -1.525 270) (size 0.25 1) (layers F.Cu F.Paste F.Mask)
      (net 7 /SET))
    (pad 8 smd rect (at 0 -1.525 270) (size 0.25 1) (layers F.Cu F.Paste F.Mask)
      (net 2 GND))
    (pad 9 smd rect (at -0.5 -1.525 270) (size 0.25 1) (layers F.Cu F.Paste F.Mask)
      (net 8 /OUTS))
    (pad 10 smd rect (at -1 -1.525 270) (size 0.25 1) (layers F.Cu F.Paste F.Mask)
      (net 3 /VOUT))
    (pad 11 smd rect (at 0 0 270) (size 2.38 1.65) (layers F.Cu F.Paste F.Mask)
      (net 2 GND))
    (model ${KIPRJMOD}/Straightener01.3dshapes/DFN-10.wrl
      (at (xyz 0 0 0))
      (scale (xyz 1 1 1))
      (rotate (xyz 0 0 0))
    )
  )

  (module Straightener01:C112640 (layer F.Cu) (tedit 5E222216) (tstamp 5E336D8D)
    (at 104.9 100.8 270)
    (path /5E22316F)
    (fp_text reference J1 (at 0 -4.1 90) (layer F.SilkS) hide
      (effects (font (size 1 1) (thickness 0.15)))
    )
    (fp_text value C112640 (at 0 -5.1 90) (layer F.Fab) hide
      (effects (font (size 1 1) (thickness 0.15)))
    )
    (pad 2 smd rect (at 4.475 0 270) (size 1.67 4.72) (layers B.Cu B.Paste B.Mask)
      (net 2 GND) (solder_mask_margin 0.5) (clearance 0.5))
    (pad 2 smd rect (at -4.475 0 270) (size 1.67 4.72) (layers B.Cu B.Paste B.Mask)
      (net 2 GND) (solder_mask_margin 0.5) (clearance 0.5))
    (pad 1 smd rect (at 0 0 270) (size 0.86 4.72) (layers F.Cu F.Paste F.Mask)
      (net 1 /VIN) (solder_mask_margin 0.5) (clearance 0.5))
    (pad 2 smd rect (at 4.925 0 270) (size 1.35 4.72) (layers F.Cu F.Paste F.Mask)
      (net 2 GND) (solder_mask_margin 0.5) (clearance 0.5))
    (pad 2 smd rect (at -4.925 0 270) (size 1.35 4.72) (layers F.Cu F.Paste F.Mask)
      (net 2 GND) (solder_mask_margin 0.5) (clearance 0.5))
    (model ${KIPRJMOD}/Straightener01.3dshapes/C112640.wrl
      (at (xyz 0 0 0))
      (scale (xyz 1 1 1))
      (rotate (xyz 0 0 0))
    )
  )

  (module Straightener01:C112640 (layer F.Cu) (tedit 5E222216) (tstamp 5E336D96)
    (at 150.1 100.8 90)
    (path /5E223758)
    (fp_text reference J2 (at 0 -4.1 90) (layer F.SilkS) hide
      (effects (font (size 1 1) (thickness 0.15)))
    )
    (fp_text value C112640 (at 0 -5.1 90) (layer F.Fab) hide
      (effects (font (size 1 1) (thickness 0.15)))
    )
    (pad 2 smd rect (at -4.925 0 90) (size 1.35 4.72) (layers F.Cu F.Paste F.Mask)
      (net 2 GND) (solder_mask_margin 0.5) (clearance 0.5))
    (pad 2 smd rect (at 4.925 0 90) (size 1.35 4.72) (layers F.Cu F.Paste F.Mask)
      (net 2 GND) (solder_mask_margin 0.5) (clearance 0.5))
    (pad 1 smd rect (at 0 0 90) (size 0.86 4.72) (layers F.Cu F.Paste F.Mask)
      (net 3 /VOUT) (solder_mask_margin 0.5) (clearance 0.5))
    (pad 2 smd rect (at -4.475 0 90) (size 1.67 4.72) (layers B.Cu B.Paste B.Mask)
      (net 2 GND) (solder_mask_margin 0.5) (clearance 0.5))
    (pad 2 smd rect (at 4.475 0 90) (size 1.67 4.72) (layers B.Cu B.Paste B.Mask)
      (net 2 GND) (solder_mask_margin 0.5) (clearance 0.5))
    (model ${KIPRJMOD}/Straightener01.3dshapes/C112640.wrl
      (at (xyz 0 0 0))
      (scale (xyz 1 1 1))
      (rotate (xyz 0 0 0))
    )
  )

  (module Resistor_SMD:R_0603_1608Metric_Pad1.05x0.95mm_HandSolder (layer F.Cu) (tedit 5B301BBD) (tstamp 5E336DA7)
    (at 111.7 108.8)
    (descr "Resistor SMD 0603 (1608 Metric), square (rectangular) end terminal, IPC_7351 nominal with elongated pad for handsoldering. (Body size source: http://www.tortai-tech.com/upload/download/2011102023233369053.pdf), generated with kicad-footprint-generator")
    (tags "resistor handsolder")
    (path /5E22B156)
    (attr smd)
    (fp_text reference R1 (at 0 -1.1) (layer F.SilkS)
      (effects (font (size 0.75 0.75) (thickness 0.1125)))
    )
    (fp_text value SET (at 0 1.43) (layer F.Fab)
      (effects (font (size 1 1) (thickness 0.15)))
    )
    (fp_text user %R (at 0 0) (layer F.Fab)
      (effects (font (size 0.4 0.4) (thickness 0.06)))
    )
    (fp_line (start 1.65 0.73) (end -1.65 0.73) (layer F.CrtYd) (width 0.05))
    (fp_line (start 1.65 -0.73) (end 1.65 0.73) (layer F.CrtYd) (width 0.05))
    (fp_line (start -1.65 -0.73) (end 1.65 -0.73) (layer F.CrtYd) (width 0.05))
    (fp_line (start -1.65 0.73) (end -1.65 -0.73) (layer F.CrtYd) (width 0.05))
    (fp_line (start -0.171267 0.51) (end 0.171267 0.51) (layer F.SilkS) (width 0.12))
    (fp_line (start -0.171267 -0.51) (end 0.171267 -0.51) (layer F.SilkS) (width 0.12))
    (fp_line (start 0.8 0.4) (end -0.8 0.4) (layer F.Fab) (width 0.1))
    (fp_line (start 0.8 -0.4) (end 0.8 0.4) (layer F.Fab) (width 0.1))
    (fp_line (start -0.8 -0.4) (end 0.8 -0.4) (layer F.Fab) (width 0.1))
    (fp_line (start -0.8 0.4) (end -0.8 -0.4) (layer F.Fab) (width 0.1))
    (pad 2 smd roundrect (at 0.875 0) (size 1.05 0.95) (layers F.Cu F.Paste F.Mask) (roundrect_rratio 0.25)
      (net 4 /EN_UV))
    (pad 1 smd roundrect (at -0.875 0) (size 1.05 0.95) (layers F.Cu F.Paste F.Mask) (roundrect_rratio 0.25)
      (net 1 /VIN))
    (model ${KISYS3DMOD}/Resistor_SMD.3dshapes/R_0603_1608Metric.wrl
      (at (xyz 0 0 0))
      (scale (xyz 1 1 1))
      (rotate (xyz 0 0 0))
    )
  )

  (module Resistor_SMD:R_0603_1608Metric_Pad1.05x0.95mm_HandSolder (layer F.Cu) (tedit 5B301BBD) (tstamp 5E336DB8)
    (at 129.8 104 270)
    (descr "Resistor SMD 0603 (1608 Metric), square (rectangular) end terminal, IPC_7351 nominal with elongated pad for handsoldering. (Body size source: http://www.tortai-tech.com/upload/download/2011102023233369053.pdf), generated with kicad-footprint-generator")
    (tags "resistor handsolder")
    (path /5E230608)
    (attr smd)
    (fp_text reference R2 (at -2.1 0 180) (layer F.SilkS)
      (effects (font (size 0.75 0.75) (thickness 0.1125)))
    )
    (fp_text value 200k (at 0 1.43 90) (layer F.Fab)
      (effects (font (size 1 1) (thickness 0.15)))
    )
    (fp_line (start -0.8 0.4) (end -0.8 -0.4) (layer F.Fab) (width 0.1))
    (fp_line (start -0.8 -0.4) (end 0.8 -0.4) (layer F.Fab) (width 0.1))
    (fp_line (start 0.8 -0.4) (end 0.8 0.4) (layer F.Fab) (width 0.1))
    (fp_line (start 0.8 0.4) (end -0.8 0.4) (layer F.Fab) (width 0.1))
    (fp_line (start -0.171267 -0.51) (end 0.171267 -0.51) (layer F.SilkS) (width 0.12))
    (fp_line (start -0.171267 0.51) (end 0.171267 0.51) (layer F.SilkS) (width 0.12))
    (fp_line (start -1.65 0.73) (end -1.65 -0.73) (layer F.CrtYd) (width 0.05))
    (fp_line (start -1.65 -0.73) (end 1.65 -0.73) (layer F.CrtYd) (width 0.05))
    (fp_line (start 1.65 -0.73) (end 1.65 0.73) (layer F.CrtYd) (width 0.05))
    (fp_line (start 1.65 0.73) (end -1.65 0.73) (layer F.CrtYd) (width 0.05))
    (fp_text user %R (at 0 0 90) (layer F.Fab)
      (effects (font (size 0.4 0.4) (thickness 0.06)))
    )
    (pad 1 smd roundrect (at -0.875 0 270) (size 1.05 0.95) (layers F.Cu F.Paste F.Mask) (roundrect_rratio 0.25)
      (net 1 /VIN))
    (pad 2 smd roundrect (at 0.875 0 270) (size 1.05 0.95) (layers F.Cu F.Paste F.Mask) (roundrect_rratio 0.25)
      (net 5 /PG))
    (model ${KISYS3DMOD}/Resistor_SMD.3dshapes/R_0603_1608Metric.wrl
      (at (xyz 0 0 0))
      (scale (xyz 1 1 1))
      (rotate (xyz 0 0 0))
    )
  )

  (module Resistor_SMD:R_0603_1608Metric_Pad1.05x0.95mm_HandSolder (layer F.Cu) (tedit 5E34BF9A) (tstamp 5E336DC9)
    (at 132.06 106.8)
    (descr "Resistor SMD 0603 (1608 Metric), square (rectangular) end terminal, IPC_7351 nominal with elongated pad for handsoldering. (Body size source: http://www.tortai-tech.com/upload/download/2011102023233369053.pdf), generated with kicad-footprint-generator")
    (tags "resistor handsolder")
    (path /5E232A06)
    (attr smd)
    (fp_text reference R3 (at -2.36 0) (layer F.SilkS)
      (effects (font (size 0.75 0.75) (thickness 0.1125)))
    )
    (fp_text value 249 (at 0 1.43) (layer F.Fab)
      (effects (font (size 1 1) (thickness 0.15)))
    )
    (fp_text user %R (at 0 0) (layer F.Fab)
      (effects (font (size 0.4 0.4) (thickness 0.06)))
    )
    (fp_line (start 1.65 0.73) (end -1.65 0.73) (layer F.CrtYd) (width 0.05))
    (fp_line (start 1.65 -0.73) (end 1.65 0.73) (layer F.CrtYd) (width 0.05))
    (fp_line (start -1.65 -0.73) (end 1.65 -0.73) (layer F.CrtYd) (width 0.05))
    (fp_line (start -1.65 0.73) (end -1.65 -0.73) (layer F.CrtYd) (width 0.05))
    (fp_line (start -0.171267 0.51) (end 0.171267 0.51) (layer F.SilkS) (width 0.12))
    (fp_line (start -0.171267 -0.51) (end 0.171267 -0.51) (layer F.SilkS) (width 0.12))
    (fp_line (start 0.8 0.4) (end -0.8 0.4) (layer F.Fab) (width 0.1))
    (fp_line (start 0.8 -0.4) (end 0.8 0.4) (layer F.Fab) (width 0.1))
    (fp_line (start -0.8 -0.4) (end 0.8 -0.4) (layer F.Fab) (width 0.1))
    (fp_line (start -0.8 0.4) (end -0.8 -0.4) (layer F.Fab) (width 0.1))
    (pad 2 smd roundrect (at 0.875 0) (size 1.05 0.95) (layers F.Cu F.Paste F.Mask) (roundrect_rratio 0.25)
      (net 2 GND))
    (pad 1 smd roundrect (at -0.875 0) (size 1.05 0.95) (layers F.Cu F.Paste F.Mask) (roundrect_rratio 0.25)
      (net 9 /ILIM))
    (model ${KISYS3DMOD}/Resistor_SMD.3dshapes/R_0603_1608Metric.wrl
      (at (xyz 0 0 0))
      (scale (xyz 1 1 1))
      (rotate (xyz 0 0 0))
    )
  )

  (module Resistor_SMD:R_0603_1608Metric_Pad1.05x0.95mm_HandSolder (layer F.Cu) (tedit 5B301BBD) (tstamp 5E336DDA)
    (at 139.5 103 90)
    (descr "Resistor SMD 0603 (1608 Metric), square (rectangular) end terminal, IPC_7351 nominal with elongated pad for handsoldering. (Body size source: http://www.tortai-tech.com/upload/download/2011102023233369053.pdf), generated with kicad-footprint-generator")
    (tags "resistor handsolder")
    (path /5E235C8D)
    (attr smd)
    (fp_text reference R4 (at 2.1 0.02 180) (layer F.SilkS)
      (effects (font (size 0.75 0.75) (thickness 0.1125)))
    )
    (fp_text value SET (at 0 1.43 90) (layer F.Fab)
      (effects (font (size 1 1) (thickness 0.15)))
    )
    (fp_line (start -0.8 0.4) (end -0.8 -0.4) (layer F.Fab) (width 0.1))
    (fp_line (start -0.8 -0.4) (end 0.8 -0.4) (layer F.Fab) (width 0.1))
    (fp_line (start 0.8 -0.4) (end 0.8 0.4) (layer F.Fab) (width 0.1))
    (fp_line (start 0.8 0.4) (end -0.8 0.4) (layer F.Fab) (width 0.1))
    (fp_line (start -0.171267 -0.51) (end 0.171267 -0.51) (layer F.SilkS) (width 0.12))
    (fp_line (start -0.171267 0.51) (end 0.171267 0.51) (layer F.SilkS) (width 0.12))
    (fp_line (start -1.65 0.73) (end -1.65 -0.73) (layer F.CrtYd) (width 0.05))
    (fp_line (start -1.65 -0.73) (end 1.65 -0.73) (layer F.CrtYd) (width 0.05))
    (fp_line (start 1.65 -0.73) (end 1.65 0.73) (layer F.CrtYd) (width 0.05))
    (fp_line (start 1.65 0.73) (end -1.65 0.73) (layer F.CrtYd) (width 0.05))
    (fp_text user %R (at 0 0 90) (layer F.Fab)
      (effects (font (size 0.4 0.4) (thickness 0.06)))
    )
    (pad 1 smd roundrect (at -0.875 0 90) (size 1.05 0.95) (layers F.Cu F.Paste F.Mask) (roundrect_rratio 0.25)
      (net 7 /SET))
    (pad 2 smd roundrect (at 0.875 0 90) (size 1.05 0.95) (layers F.Cu F.Paste F.Mask) (roundrect_rratio 0.25)
      (net 6 "Net-(C3-Pad2)"))
    (model ${KISYS3DMOD}/Resistor_SMD.3dshapes/R_0603_1608Metric.wrl
      (at (xyz 0 0 0))
      (scale (xyz 1 1 1))
      (rotate (xyz 0 0 0))
    )
  )

  (module Resistor_SMD:R_0603_1608Metric_Pad1.05x0.95mm_HandSolder (layer F.Cu) (tedit 5B301BBD) (tstamp 5E336DEB)
    (at 135.5 106.8 180)
    (descr "Resistor SMD 0603 (1608 Metric), square (rectangular) end terminal, IPC_7351 nominal with elongated pad for handsoldering. (Body size source: http://www.tortai-tech.com/upload/download/2011102023233369053.pdf), generated with kicad-footprint-generator")
    (tags "resistor handsolder")
    (path /5E237473)
    (attr smd)
    (fp_text reference R5 (at 0 1.1) (layer F.SilkS)
      (effects (font (size 0.75 0.75) (thickness 0.1125)))
    )
    (fp_text value 453k (at 0 1.43) (layer F.Fab)
      (effects (font (size 1 1) (thickness 0.15)))
    )
    (fp_text user %R (at 0 0) (layer F.Fab)
      (effects (font (size 0.4 0.4) (thickness 0.06)))
    )
    (fp_line (start 1.65 0.73) (end -1.65 0.73) (layer F.CrtYd) (width 0.05))
    (fp_line (start 1.65 -0.73) (end 1.65 0.73) (layer F.CrtYd) (width 0.05))
    (fp_line (start -1.65 -0.73) (end 1.65 -0.73) (layer F.CrtYd) (width 0.05))
    (fp_line (start -1.65 0.73) (end -1.65 -0.73) (layer F.CrtYd) (width 0.05))
    (fp_line (start -0.171267 0.51) (end 0.171267 0.51) (layer F.SilkS) (width 0.12))
    (fp_line (start -0.171267 -0.51) (end 0.171267 -0.51) (layer F.SilkS) (width 0.12))
    (fp_line (start 0.8 0.4) (end -0.8 0.4) (layer F.Fab) (width 0.1))
    (fp_line (start 0.8 -0.4) (end 0.8 0.4) (layer F.Fab) (width 0.1))
    (fp_line (start -0.8 -0.4) (end 0.8 -0.4) (layer F.Fab) (width 0.1))
    (fp_line (start -0.8 0.4) (end -0.8 -0.4) (layer F.Fab) (width 0.1))
    (pad 2 smd roundrect (at 0.875 0 180) (size 1.05 0.95) (layers F.Cu F.Paste F.Mask) (roundrect_rratio 0.25)
      (net 10 /PGFB))
    (pad 1 smd roundrect (at -0.875 0 180) (size 1.05 0.95) (layers F.Cu F.Paste F.Mask) (roundrect_rratio 0.25)
      (net 3 /VOUT))
    (model ${KISYS3DMOD}/Resistor_SMD.3dshapes/R_0603_1608Metric.wrl
      (at (xyz 0 0 0))
      (scale (xyz 1 1 1))
      (rotate (xyz 0 0 0))
    )
  )

  (module Resistor_SMD:R_0603_1608Metric_Pad1.05x0.95mm_HandSolder (layer F.Cu) (tedit 5E34BF9D) (tstamp 5E336DFC)
    (at 133.81 108.4 180)
    (descr "Resistor SMD 0603 (1608 Metric), square (rectangular) end terminal, IPC_7351 nominal with elongated pad for handsoldering. (Body size source: http://www.tortai-tech.com/upload/download/2011102023233369053.pdf), generated with kicad-footprint-generator")
    (tags "resistor handsolder")
    (path /5E239B55)
    (attr smd)
    (fp_text reference R6 (at 2.31 0.3) (layer F.SilkS)
      (effects (font (size 0.75 0.75) (thickness 0.1125)))
    )
    (fp_text value 49.9k (at 0 1.43) (layer F.Fab)
      (effects (font (size 1 1) (thickness 0.15)))
    )
    (fp_line (start -0.8 0.4) (end -0.8 -0.4) (layer F.Fab) (width 0.1))
    (fp_line (start -0.8 -0.4) (end 0.8 -0.4) (layer F.Fab) (width 0.1))
    (fp_line (start 0.8 -0.4) (end 0.8 0.4) (layer F.Fab) (width 0.1))
    (fp_line (start 0.8 0.4) (end -0.8 0.4) (layer F.Fab) (width 0.1))
    (fp_line (start -0.171267 -0.51) (end 0.171267 -0.51) (layer F.SilkS) (width 0.12))
    (fp_line (start -0.171267 0.51) (end 0.171267 0.51) (layer F.SilkS) (width 0.12))
    (fp_line (start -1.65 0.73) (end -1.65 -0.73) (layer F.CrtYd) (width 0.05))
    (fp_line (start -1.65 -0.73) (end 1.65 -0.73) (layer F.CrtYd) (width 0.05))
    (fp_line (start 1.65 -0.73) (end 1.65 0.73) (layer F.CrtYd) (width 0.05))
    (fp_line (start 1.65 0.73) (end -1.65 0.73) (layer F.CrtYd) (width 0.05))
    (fp_text user %R (at 0 0) (layer F.Fab)
      (effects (font (size 0.4 0.4) (thickness 0.06)))
    )
    (pad 1 smd roundrect (at -0.875 0 180) (size 1.05 0.95) (layers F.Cu F.Paste F.Mask) (roundrect_rratio 0.25)
      (net 10 /PGFB))
    (pad 2 smd roundrect (at 0.875 0 180) (size 1.05 0.95) (layers F.Cu F.Paste F.Mask) (roundrect_rratio 0.25)
      (net 2 GND))
    (model ${KISYS3DMOD}/Resistor_SMD.3dshapes/R_0603_1608Metric.wrl
      (at (xyz 0 0 0))
      (scale (xyz 1 1 1))
      (rotate (xyz 0 0 0))
    )
  )

  (gr_text "Feb 2020" (at 150.3 94) (layer F.SilkS)
    (effects (font (size 0.5 0.5) (thickness 0.075)))
  )
  (gr_text "Dylan Oh" (at 145.2 98.5) (layer F.Mask)
    (effects (font (size 1 1) (thickness 0.15) italic))
  )
  (gr_line (start 112 97.5) (end 148.4 97.5) (layer F.Mask) (width 0.15))
  (gr_line (start 128.8 97.1) (end 144.8 97.1) (layer F.Mask) (width 0.15))
  (gr_line (start 110.4 97.1) (end 127.2 97.1) (layer F.Mask) (width 0.15))
  (gr_line (start 128.7 96.7) (end 142.2 96.7) (layer F.Mask) (width 0.15))
  (gr_line (start 118.9 96.7) (end 127.1 96.7) (layer F.Mask) (width 0.15))
  (gr_line (start 108.9 96.7) (end 116.9 96.7) (layer F.Mask) (width 0.15))
  (gr_text Straightener01 (at 122 94.9) (layer F.Mask)
    (effects (font (size 2.4 2.4) (thickness 0.375) italic))
  )
  (gr_line (start 103 110) (end 102 109) (layer Edge.Cuts) (width 0.05) (tstamp 5E473888))
  (gr_line (start 102 94) (end 103 93) (layer Edge.Cuts) (width 0.05) (tstamp 5E473885))
  (gr_line (start 152 93) (end 153 94) (layer Edge.Cuts) (width 0.05) (tstamp 5E47353C))
  (gr_line (start 152 110) (end 153 109) (layer Edge.Cuts) (width 0.05) (tstamp 5E473530))
  (gr_line (start 143.9 113) (end 146.9 110) (layer Edge.Cuts) (width 0.05))
  (gr_line (start 125.3 113) (end 122.3 110) (layer Edge.Cuts) (width 0.05))
  (gr_line (start 143.9 113) (end 125.3 113) (layer Edge.Cuts) (width 0.05) (tstamp 5E471952))
  (gr_line (start 122.3 110) (end 103 110) (layer Edge.Cuts) (width 0.05) (tstamp 5E471935))
  (gr_line (start 152 110) (end 146.9 110) (layer Edge.Cuts) (width 0.05) (tstamp 5E338071))
  (gr_line (start 153 94) (end 153 109) (layer Edge.Cuts) (width 0.05))
  (gr_line (start 103 93) (end 152 93) (layer Edge.Cuts) (width 0.05))
  (gr_line (start 102 109) (end 102 94) (layer Edge.Cuts) (width 0.05))

  (via (at 109.7 108.8) (size 0.635) (drill 0.3302) (layers F.Cu B.Cu) (net 1) (tstamp 5E4461F5))
  (via (at 103 99.8) (size 0.635) (drill 0.3302) (layers F.Cu B.Cu) (net 1))
  (via (at 103.8 99.8) (size 0.635) (drill 0.3302) (layers F.Cu B.Cu) (net 1))
  (via (at 103 101.8) (size 0.635) (drill 0.3302) (layers F.Cu B.Cu) (net 1))
  (via (at 103.8 101.8) (size 0.635) (drill 0.3302) (layers F.Cu B.Cu) (net 1))
  (via (at 127.9 104.9) (size 0.635) (drill 0.3302) (layers F.Cu B.Cu) (net 1) (tstamp 5E445362))
  (via (at 127.9 102.8875) (size 0.635) (drill 0.3302) (layers F.Cu B.Cu) (net 1) (tstamp 5E445362))
  (via (at 127.9 100.875) (size 0.635) (drill 0.3302) (layers F.Cu B.Cu) (net 1) (tstamp 5E445362))
  (via (at 127.9 98.8625) (size 0.635) (drill 0.3302) (layers F.Cu B.Cu) (net 1) (tstamp 5E445362))
  (via (at 127.9 96.85) (size 0.635) (drill 0.3302) (layers F.Cu B.Cu) (net 1) (tstamp 5E445362))
  (segment (start 110.825 108.8) (end 109.7 108.8) (width 0.25) (layer F.Cu) (net 1))
  (segment (start 103.8 107.2) (end 103.8 101.8) (width 0.25) (layer In2.Cu) (net 1))
  (segment (start 105.4 108.8) (end 103.8 107.2) (width 0.25) (layer In2.Cu) (net 1))
  (segment (start 109.7 108.8) (end 105.4 108.8) (width 0.25) (layer In2.Cu) (net 1))
  (segment (start 130.984402 103.5) (end 130.954401 103.469999) (width 0.25) (layer F.Cu) (net 1))
  (segment (start 131.475 103.5) (end 130.984402 103.5) (width 0.25) (layer F.Cu) (net 1))
  (via (at 131.533 108.694) (size 0.635) (drill 0.3302) (layers F.Cu B.Cu) (net 2) (tstamp 5E4716C8))
  (via (at 134.173 112.077) (size 0.635) (drill 0.3302) (layers F.Cu B.Cu) (net 2) (tstamp 5E4716C9))
  (via (at 134.173 109.537) (size 0.635) (drill 0.3302) (layers F.Cu B.Cu) (net 2) (tstamp 5E4716CA))
  (via (at 132.803 109.537) (size 0.635) (drill 0.3302) (layers F.Cu B.Cu) (net 2) (tstamp 5E4716CB))
  (via (at 126.164 112.077) (size 0.635) (drill 0.3302) (layers F.Cu B.Cu) (net 2) (tstamp 5E4716CC))
  (via (at 130.136 112.077) (size 0.635) (drill 0.3302) (layers F.Cu B.Cu) (net 2) (tstamp 5E4716CD))
  (via (at 127.434 112.077) (size 0.635) (drill 0.3302) (layers F.Cu B.Cu) (net 2) (tstamp 5E4716CE))
  (via (at 128.704 109.537) (size 0.635) (drill 0.3302) (layers F.Cu B.Cu) (net 2) (tstamp 5E4716CF))
  (via (at 135.516 109.537) (size 0.635) (drill 0.3302) (layers F.Cu B.Cu) (net 2) (tstamp 5E4733DC))
  (via (at 128.704 112.077) (size 0.635) (drill 0.3302) (layers F.Cu B.Cu) (net 2) (tstamp 5E4716D1))
  (via (at 127.434 108.14) (size 0.635) (drill 0.3302) (layers F.Cu B.Cu) (net 2) (tstamp 5E4716D2))
  (via (at 131.533 109.537) (size 0.635) (drill 0.3302) (layers F.Cu B.Cu) (net 2) (tstamp 5E4716D3))
  (via (at 128.704 110.807) (size 0.635) (drill 0.3302) (layers F.Cu B.Cu) (net 2) (tstamp 5E4716D4))
  (via (at 130.136 110.807) (size 0.635) (drill 0.3302) (layers F.Cu B.Cu) (net 2) (tstamp 5E4716D5))
  (via (at 128.704 108.14) (size 0.635) (drill 0.3302) (layers F.Cu B.Cu) (net 2) (tstamp 5E4716D6))
  (via (at 130.136 109.537) (size 0.635) (drill 0.3302) (layers F.Cu B.Cu) (net 2) (tstamp 5E4716D7))
  (via (at 132.803 112.077) (size 0.635) (drill 0.3302) (layers F.Cu B.Cu) (net 2) (tstamp 5E4716D8))
  (via (at 127.434 110.807) (size 0.635) (drill 0.3302) (layers F.Cu B.Cu) (net 2) (tstamp 5E4716D9))
  (via (at 127.434 109.537) (size 0.635) (drill 0.3302) (layers F.Cu B.Cu) (net 2) (tstamp 5E4716DA))
  (via (at 126.164 109.537) (size 0.635) (drill 0.3302) (layers F.Cu B.Cu) (net 2) (tstamp 5E4716DB))
  (via (at 131.533 110.807) (size 0.635) (drill 0.3302) (layers F.Cu B.Cu) (net 2) (tstamp 5E4716DC))
  (via (at 126.164 108.14) (size 0.635) (drill 0.3302) (layers F.Cu B.Cu) (net 2) (tstamp 5E4716DD))
  (via (at 130.136 108.567) (size 0.635) (drill 0.3302) (layers F.Cu B.Cu) (net 2) (tstamp 5E4716DE))
  (via (at 132.803 110.807) (size 0.635) (drill 0.3302) (layers F.Cu B.Cu) (net 2) (tstamp 5E4716DF))
  (via (at 134.173 110.807) (size 0.635) (drill 0.3302) (layers F.Cu B.Cu) (net 2) (tstamp 5E4716E0))
  (via (at 131.533 112.077) (size 0.635) (drill 0.3302) (layers F.Cu B.Cu) (net 2) (tstamp 5E4716E1))
  (via (at 136.859 109.41) (size 0.635) (drill 0.3302) (layers F.Cu B.Cu) (net 2) (tstamp 5E4716E2))
  (via (at 143.082 106.997) (size 0.635) (drill 0.3302) (layers F.Cu B.Cu) (net 2) (tstamp 5E4716E3))
  (via (at 140.4785 108.3305) (size 0.635) (drill 0.3302) (layers F.Cu B.Cu) (net 2) (tstamp 5E4716E4))
  (via (at 138.129 110.807) (size 0.635) (drill 0.3302) (layers F.Cu B.Cu) (net 2) (tstamp 5E4716E5))
  (via (at 138.129 109.537) (size 0.635) (drill 0.3302) (layers F.Cu B.Cu) (net 2) (tstamp 5E4716E6))
  (via (at 141.812 105.6) (size 0.635) (drill 0.3302) (layers F.Cu B.Cu) (net 2) (tstamp 5E4716E7))
  (via (at 140.542 112.077) (size 0.635) (drill 0.3302) (layers F.Cu B.Cu) (net 2) (tstamp 5E4716E8))
  (via (at 126.164 110.807) (size 0.635) (drill 0.3302) (layers F.Cu B.Cu) (net 2) (tstamp 5E4716E9))
  (via (at 140.542 110.807) (size 0.635) (drill 0.3302) (layers F.Cu B.Cu) (net 2) (tstamp 5E4716EA))
  (via (at 143.082 108.267) (size 0.635) (drill 0.3302) (layers F.Cu B.Cu) (net 2) (tstamp 5E4716EB))
  (via (at 139.272 110.807) (size 0.635) (drill 0.3302) (layers F.Cu B.Cu) (net 2) (tstamp 5E4716EC))
  (via (at 143.082 105.6) (size 0.635) (drill 0.3302) (layers F.Cu B.Cu) (net 2) (tstamp 5E4716ED))
  (via (at 139.2085 108.3305) (size 0.635) (drill 0.3302) (layers F.Cu B.Cu) (net 2) (tstamp 5E4716EE))
  (via (at 141.8755 108.2035) (size 0.635) (drill 0.3302) (layers F.Cu B.Cu) (net 2) (tstamp 5E4716EF))
  (via (at 135.643 112.077) (size 0.635) (drill 0.3302) (layers F.Cu B.Cu) (net 2) (tstamp 5E4733D9))
  (via (at 143.082 109.41) (size 0.635) (drill 0.3302) (layers F.Cu B.Cu) (net 2) (tstamp 5E4716F1))
  (via (at 140.542 109.537) (size 0.635) (drill 0.3302) (layers F.Cu B.Cu) (net 2) (tstamp 5E4716F3))
  (via (at 135.643 110.807) (size 0.635) (drill 0.3302) (layers F.Cu B.Cu) (net 2) (tstamp 5E4733D6))
  (via (at 141.812 104.457) (size 0.635) (drill 0.3302) (layers F.Cu B.Cu) (net 2) (tstamp 5E4716F5))
  (via (at 141.939 112.077) (size 0.635) (drill 0.3302) (layers F.Cu B.Cu) (net 2) (tstamp 5E4716F6))
  (via (at 141.8755 106.9335) (size 0.635) (drill 0.3302) (layers F.Cu B.Cu) (net 2) (tstamp 5E4716F7))
  (via (at 141.939 109.41) (size 0.635) (drill 0.3302) (layers F.Cu B.Cu) (net 2) (tstamp 5E4716F8))
  (via (at 141.939 110.807) (size 0.635) (drill 0.3302) (layers F.Cu B.Cu) (net 2) (tstamp 5E4716F9))
  (via (at 133.438 109.075) (size 0.635) (drill 0.3302) (layers F.Cu B.Cu) (net 2) (tstamp 5E4716FA))
  (via (at 143.082 110.807) (size 0.635) (drill 0.3302) (layers F.Cu B.Cu) (net 2) (tstamp 5E4716FB))
  (via (at 140.4785 106.9335) (size 0.635) (drill 0.3302) (layers F.Cu B.Cu) (net 2) (tstamp 5E4716FC))
  (via (at 139.2085 106.9335) (size 0.635) (drill 0.3302) (layers F.Cu B.Cu) (net 2) (tstamp 5E4716FD))
  (via (at 143.082 112.077) (size 0.635) (drill 0.3302) (layers F.Cu B.Cu) (net 2) (tstamp 5E4716FE))
  (via (at 138.129 108.394) (size 0.635) (drill 0.3302) (layers F.Cu B.Cu) (net 2) (tstamp 5E4716FF))
  (via (at 136.1732 108.0892) (size 0.635) (drill 0.3302) (layers F.Cu B.Cu) (net 2) (tstamp 5E471700))
  (via (at 138.129 112.077) (size 0.635) (drill 0.3302) (layers F.Cu B.Cu) (net 2) (tstamp 5E471701))
  (via (at 138.3576 106.5652) (size 0.635) (drill 0.3302) (layers F.Cu B.Cu) (net 2) (tstamp 5E471702))
  (via (at 136.859 108.394) (size 0.635) (drill 0.3302) (layers F.Cu B.Cu) (net 2) (tstamp 5E471703))
  (via (at 139.272 109.537) (size 0.635) (drill 0.3302) (layers F.Cu B.Cu) (net 2) (tstamp 5E471704))
  (via (at 136.986 110.807) (size 0.635) (drill 0.3302) (layers F.Cu B.Cu) (net 2) (tstamp 5E471705))
  (via (at 136.986 112.077) (size 0.635) (drill 0.3302) (layers F.Cu B.Cu) (net 2) (tstamp 5E471706))
  (via (at 139.272 112.077) (size 0.635) (drill 0.3302) (layers F.Cu B.Cu) (net 2) (tstamp 5E471707))
  (via (at 132.4 106.2) (size 0.635) (drill 0.3302) (layers F.Cu B.Cu) (net 2) (tstamp 5E445362))
  (via (at 133.5 106.2) (size 0.635) (drill 0.3302) (layers F.Cu B.Cu) (net 2) (tstamp 5E445362))
  (via (at 133.5 107.4) (size 0.635) (drill 0.3302) (layers F.Cu B.Cu) (net 2) (tstamp 5E445362))
  (via (at 132.6 102.54) (size 0.635) (drill 0.3302) (layers F.Cu B.Cu) (net 2) (tstamp 5E445362))
  (via (at 133.4 102.53) (size 0.635) (drill 0.3302) (layers F.Cu B.Cu) (net 2) (tstamp 5E445362))
  (via (at 133.4 104.8) (size 0.635) (drill 0.3302) (layers F.Cu B.Cu) (net 2) (tstamp 5E34BEFD))
  (via (at 132.602 104.8) (size 0.635) (drill 0.3302) (layers F.Cu B.Cu) (net 2) (tstamp 5E34BEFD))
  (via (at 133.4 103.999) (size 0.635) (drill 0.3302) (layers F.Cu B.Cu) (net 2) (tstamp 5E34BEFD))
  (via (at 132.602 103.999) (size 0.635) (drill 0.3302) (layers F.Cu B.Cu) (net 2) (tstamp 5E34BEFD))
  (via (at 133.4 103.199) (size 0.635) (drill 0.3302) (layers F.Cu B.Cu) (net 2) (tstamp 5E34BEFD))
  (via (at 132.6 103.2) (size 0.635) (drill 0.3302) (layers F.Cu B.Cu) (net 2) (tstamp 5E34BEFD))
  (segment (start 124.0125 104.9) (end 124.0125 106.4525) (width 2) (layer B.Cu) (net 2))
  (segment (start 104.9 96.325) (end 104.9 94.75) (width 0.6) (layer B.Cu) (net 2))
  (segment (start 104.9 105.275) (end 104.9 106.73) (width 0.6) (layer B.Cu) (net 2))
