(kicad_pcb (version 20171130) (host pcbnew "(5.1.5)-3")

  (general
    (thickness 1.6)
    (drawings 4)
    (tracks 49)
    (zones 0)
    (modules 13)
    (nets 11)
  )

  (page A4)
  (layers
    (0 F.Cu signal)
    (1 In1.Cu power)
    (2 In2.Cu power)
    (31 B.Cu signal hide)
    (32 B.Adhes user)
    (33 F.Adhes user)
    (34 B.Paste user)
    (35 F.Paste user)
    (36 B.SilkS user)
    (37 F.SilkS user)
    (38 B.Mask user)
    (39 F.Mask user hide)
    (40 Dwgs.User user)
    (41 Cmts.User user)
    (42 Eco1.User user)
    (43 Eco2.User user)
    (44 Edge.Cuts user)
    (45 Margin user)
    (46 B.CrtYd user)
    (47 F.CrtYd user)
    (48 B.Fab user hide)
    (49 F.Fab user hide)
  )

  (setup
    (last_trace_width 0.254)
    (user_trace_width 0.254)
    (trace_clearance 0.2)
    (zone_clearance 0.2)
    (zone_45_only no)
    (trace_min 0.2)
    (via_size 0.8)
    (via_drill 0.4)
    (via_min_size 0.4)
    (via_min_drill 0.3)
    (user_via 0.4 0.3048)
    (uvia_size 0.3)
    (uvia_drill 0.1)
    (uvias_allowed no)
    (uvia_min_size 0.2)
    (uvia_min_drill 0.1)
    (edge_width 0.05)
    (segment_width 0.2)
    (pcb_text_width 0.3)
    (pcb_text_size 1.5 1.5)
    (mod_edge_width 0.12)
    (mod_text_size 1 1)
    (mod_text_width 0.15)
    (pad_size 0.25 1)
    (pad_drill 0)
    (pad_to_mask_clearance 0.051)
    (solder_mask_min_width 0.25)
    (aux_axis_origin 0 0)
    (visible_elements 7FFFFFFF)
    (pcbplotparams
      (layerselection 0x010fc_ffffffff)
      (usegerberextensions false)
      (usegerberattributes false)
      (usegerberadvancedattributes false)
      (creategerberjobfile false)
      (excludeedgelayer true)
      (linewidth 0.100000)
      (plotframeref false)
      (viasonmask false)
      (mode 1)
      (useauxorigin false)
      (hpglpennumber 1)
      (hpglpenspeed 20)
      (hpglpendiameter 15.000000)
      (psnegative false)
      (psa4output false)
      (plotreference true)
      (plotvalue true)
      (plotinvisibletext false)
      (padsonsilk false)
      (subtractmaskfromsilk false)
      (outputformat 1)
      (mirror false)
      (drillshape 1)
      (scaleselection 1)
      (outputdirectory ""))
  )

  (net 0 "")
  (net 1 /VIN)
  (net 2 GND)
  (net 3 /VOUT)
  (net 4 /EN_UV)
  (net 5 /PG)
  (net 6 "Net-(C3-Pad2)")
  (net 7 /SET)
  (net 8 /OUTS)
  (net 9 /ILIM)
  (net 10 /PGFB)

  (net_class Default "This is the default net class."
    (clearance 0.2)
    (trace_width 0.25)
    (via_dia 0.8)
    (via_drill 0.4)
    (uvia_dia 0.3)
    (uvia_drill 0.1)
    (add_net /EN_UV)
    (add_net /ILIM)
    (add_net /OUTS)
    (add_net /PG)
    (add_net /PGFB)
    (add_net /SET)
    (add_net /VIN)
    (add_net /VOUT)
    (add_net GND)
    (add_net "Net-(C3-Pad2)")
  )

  (module Capacitor_SMD:CP_Elec_6.3x5.4 (layer B.Cu) (tedit 5BCA39D0) (tstamp 5E336D42)
    (at 106 100.8)
    (descr "SMD capacitor, aluminum electrolytic, Panasonic C55, 6.3x5.4mm")
    (tags "capacitor electrolytic")
    (path /5E227E73)
    (attr smd)
    (fp_text reference C1 (at 0 4.35) (layer B.SilkS)
      (effects (font (size 1 1) (thickness 0.15)) (justify mirror))
    )
    (fp_text value 22uF (at 0 -4.35) (layer B.Fab)
      (effects (font (size 1 1) (thickness 0.15)) (justify mirror))
    )
    (fp_circle (center 0 0) (end 3.15 0) (layer B.Fab) (width 0.1))
    (fp_line (start 3.3 3.3) (end 3.3 -3.3) (layer B.Fab) (width 0.1))
    (fp_line (start -2.3 3.3) (end 3.3 3.3) (layer B.Fab) (width 0.1))
    (fp_line (start -2.3 -3.3) (end 3.3 -3.3) (layer B.Fab) (width 0.1))
    (fp_line (start -3.3 2.3) (end -3.3 -2.3) (layer B.Fab) (width 0.1))
    (fp_line (start -3.3 2.3) (end -2.3 3.3) (layer B.Fab) (width 0.1))
    (fp_line (start -3.3 -2.3) (end -2.3 -3.3) (layer B.Fab) (width 0.1))
    (fp_line (start -2.704838 1.33) (end -2.074838 1.33) (layer B.Fab) (width 0.1))
    (fp_line (start -2.389838 1.645) (end -2.389838 1.015) (layer B.Fab) (width 0.1))
    (fp_line (start 3.41 -3.41) (end 3.41 -1.06) (layer B.SilkS) (width 0.12))
    (fp_line (start 3.41 3.41) (end 3.41 1.06) (layer B.SilkS) (width 0.12))
    (fp_line (start -2.345563 3.41) (end 3.41 3.41) (layer B.SilkS) (width 0.12))
    (fp_line (start -2.345563 -3.41) (end 3.41 -3.41) (layer B.SilkS) (width 0.12))
    (fp_line (start -3.41 -2.345563) (end -3.41 -1.06) (layer B.SilkS) (width 0.12))
    (fp_line (start -3.41 2.345563) (end -3.41 1.06) (layer B.SilkS) (width 0.12))
    (fp_line (start -3.41 2.345563) (end -2.345563 3.41) (layer B.SilkS) (width 0.12))
    (fp_line (start -3.41 -2.345563) (end -2.345563 -3.41) (layer B.SilkS) (width 0.12))
    (fp_line (start -4.4375 1.8475) (end -3.65 1.8475) (layer B.SilkS) (width 0.12))
    (fp_line (start -4.04375 2.24125) (end -4.04375 1.45375) (layer B.SilkS) (width 0.12))
    (fp_line (start 3.55 3.55) (end 3.55 1.05) (layer B.CrtYd) (width 0.05))
    (fp_line (start 3.55 1.05) (end 4.8 1.05) (layer B.CrtYd) (width 0.05))
    (fp_line (start 4.8 1.05) (end 4.8 -1.05) (layer B.CrtYd) (width 0.05))
    (fp_line (start 4.8 -1.05) (end 3.55 -1.05) (layer B.CrtYd) (width 0.05))
    (fp_line (start 3.55 -1.05) (end 3.55 -3.55) (layer B.CrtYd) (width 0.05))
    (fp_line (start -2.4 -3.55) (end 3.55 -3.55) (layer B.CrtYd) (width 0.05))
    (fp_line (start -2.4 3.55) (end 3.55 3.55) (layer B.CrtYd) (width 0.05))
    (fp_line (start -3.55 -2.4) (end -2.4 -3.55) (layer B.CrtYd) (width 0.05))
    (fp_line (start -3.55 2.4) (end -2.4 3.55) (layer B.CrtYd) (width 0.05))
    (fp_line (start -3.55 2.4) (end -3.55 1.05) (layer B.CrtYd) (width 0.05))
    (fp_line (start -3.55 -1.05) (end -3.55 -2.4) (layer B.CrtYd) (width 0.05))
    (fp_line (start -3.55 1.05) (end -4.8 1.05) (layer B.CrtYd) (width 0.05))
    (fp_line (start -4.8 1.05) (end -4.8 -1.05) (layer B.CrtYd) (width 0.05))
    (fp_line (start -4.8 -1.05) (end -3.55 -1.05) (layer B.CrtYd) (width 0.05))
    (fp_text user %R (at 0 0) (layer B.Fab)
      (effects (font (size 1 1) (thickness 0.15)) (justify mirror))
    )
    (pad 1 smd roundrect (at -2.8 0) (size 3.5 1.6) (layers B.Cu B.Paste B.Mask) (roundrect_rratio 0.15625)
      (net 1 /VIN))
    (pad 2 smd roundrect (at 2.8 0) (size 3.5 1.6) (layers B.Cu B.Paste B.Mask) (roundrect_rratio 0.15625)
      (net 2 GND))
    (model ${KISYS3DMOD}/Capacitor_SMD.3dshapes/CP_Elec_6.3x5.4.wrl
      (at (xyz 0 0 0))
      (scale (xyz 1 1 1))
      (rotate (xyz 0 0 0))
    )
  )

  (module Capacitor_SMD:C_1206_3216Metric_Pad1.42x1.75mm_HandSolder (layer B.Cu) (tedit 5B301BBE) (tstamp 5E336D53)
    (at 125.5 104.9 180)
    (descr "Capacitor SMD 1206 (3216 Metric), square (rectangular) end terminal, IPC_7351 nominal with elongated pad for handsoldering. (Body size source: http://www.tortai-tech.com/upload/download/2011102023233369053.pdf), generated with kicad-footprint-generator")
    (tags "capacitor handsolder")
    (path /5E227263)
    (attr smd)
    (fp_text reference C2 (at 0 1.82) (layer B.SilkS)
      (effects (font (size 1 1) (thickness 0.15)) (justify mirror))
    )
    (fp_text value 4.7uF (at 0 -1.82) (layer B.Fab)
      (effects (font (size 1 1) (thickness 0.15)) (justify mirror))
    )
    (fp_line (start -1.6 -0.8) (end -1.6 0.8) (layer B.Fab) (width 0.1))
    (fp_line (start -1.6 0.8) (end 1.6 0.8) (layer B.Fab) (width 0.1))
    (fp_line (start 1.6 0.8) (end 1.6 -0.8) (layer B.Fab) (width 0.1))
    (fp_line (start 1.6 -0.8) (end -1.6 -0.8) (layer B.Fab) (width 0.1))
    (fp_line (start -0.602064 0.91) (end 0.602064 0.91) (layer B.SilkS) (width 0.12))
    (fp_line (start -0.602064 -0.91) (end 0.602064 -0.91) (layer B.SilkS) (width 0.12))
    (fp_line (start -2.45 -1.12) (end -2.45 1.12) (layer B.CrtYd) (width 0.05))
    (fp_line (start -2.45 1.12) (end 2.45 1.12) (layer B.CrtYd) (width 0.05))
    (fp_line (start 2.45 1.12) (end 2.45 -1.12) (layer B.CrtYd) (width 0.05))
    (fp_line (start 2.45 -1.12) (end -2.45 -1.12) (layer B.CrtYd) (width 0.05))
    (fp_text user %R (at 0 0) (layer B.Fab)
      (effects (font (size 0.8 0.8) (thickness 0.12)) (justify mirror))
    )
    (pad 1 smd roundrect (at -1.4875 0 180) (size 1.425 1.75) (layers B.Cu B.Paste B.Mask) (roundrect_rratio 0.175439)
      (net 1 /VIN))
    (pad 2 smd roundrect (at 1.4875 0 180) (size 1.425 1.75) (layers B.Cu B.Paste B.Mask) (roundrect_rratio 0.175439)
      (net 2 GND))
    (model ${KISYS3DMOD}/Capacitor_SMD.3dshapes/C_1206_3216Metric.wrl
      (at (xyz 0 0 0))
      (scale (xyz 1 1 1))
      (rotate (xyz 0 0 0))
    )
  )

  (module Capacitor_SMD:C_1206_3216Metric_Pad1.42x1.75mm_HandSolder (layer F.Cu) (tedit 5E336D88) (tstamp 5E336D64)
    (at 137.5 103 90)
    (descr "Capacitor SMD 1206 (3216 Metric), square (rectangular) end terminal, IPC_7351 nominal with elongated pad for handsoldering. (Body size source: http://www.tortai-tech.com/upload/download/2011102023233369053.pdf), generated with kicad-footprint-generator")
    (tags "capacitor handsolder")
    (path /5E233AC4)
    (attr smd)
    (fp_text reference C3 (at 3.11 0) (layer F.SilkS)
      (effects (font (size 1 1) (thickness 0.15)))
    )
    (fp_text value 4.7uF (at 0 1.82 90) (layer F.Fab)
      (effects (font (size 1 1) (thickness 0.15)))
    )
    (fp_text user %R (at 0 0 90) (layer F.Fab)
      (effects (font (size 0.8 0.8) (thickness 0.12)))
    )
    (fp_line (start 2.45 1.12) (end -2.45 1.12) (layer F.CrtYd) (width 0.05))
    (fp_line (start 2.45 -1.12) (end 2.45 1.12) (layer F.CrtYd) (width 0.05))
    (fp_line (start -2.45 -1.12) (end 2.45 -1.12) (layer F.CrtYd) (width 0.05))
    (fp_line (start -2.45 1.12) (end -2.45 -1.12) (layer F.CrtYd) (width 0.05))
    (fp_line (start -0.602064 0.91) (end 0.602064 0.91) (layer F.SilkS) (width 0.12))
    (fp_line (start -0.602064 -0.91) (end 0.602064 -0.91) (layer F.SilkS) (width 0.12))
    (fp_line (start 1.6 0.8) (end -1.6 0.8) (layer F.Fab) (width 0.1))
    (fp_line (start 1.6 -0.8) (end 1.6 0.8) (layer F.Fab) (width 0.1))
    (fp_line (start -1.6 -0.8) (end 1.6 -0.8) (layer F.Fab) (width 0.1))
    (fp_line (start -1.6 0.8) (end -1.6 -0.8) (layer F.Fab) (width 0.1))
    (pad 2 smd roundrect (at 1.4875 0 90) (size 1.425 1.75) (layers F.Cu F.Paste F.Mask) (roundrect_rratio 0.175)
      (net 6 "Net-(C3-Pad2)"))
    (pad 1 smd roundrect (at -1.4875 0 90) (size 1.425 1.75) (layers F.Cu F.Paste F.Mask) (roundrect_rratio 0.175439)
      (net 7 /SET))
    (model ${KISYS3DMOD}/Capacitor_SMD.3dshapes/C_1206_3216Metric.wrl
      (at (xyz 0 0 0))
      (scale (xyz 1 1 1))
      (rotate (xyz 0 0 0))
    )
  )

  (module Straightener01:DFN-10 (layer F.Cu) (tedit 5E445622) (tstamp 5E336D84)
    (at 133 104 270)
    (path /5E22EFD2)
    (fp_text reference IC1 (at 0 -2.925 90) (layer F.SilkS) hide
      (effects (font (size 1 1) (thickness 0.15)))
    )
    (fp_text value LT3045EDD (at 0 -3.925 90) (layer F.Fab)
      (effects (font (size 1 1) (thickness 0.15)))
    )
    (pad 1 smd rect (at -1 1.525 270) (size 0.25 1) (layers F.Cu F.Paste F.Mask)
      (net 1 /VIN))
    (pad 2 smd rect (at -0.5 1.525 270) (size 0.25 1) (layers F.Cu F.Paste F.Mask)
      (net 1 /VIN))
    (pad 3 smd rect (at 0 1.525 270) (size 0.25 1) (layers F.Cu F.Paste F.Mask)
      (net 4 /EN_UV))
    (pad 4 smd rect (at 0.5 1.525 270) (size 0.25 1) (layers F.Cu F.Paste F.Mask)
      (net 5 /PG))
    (pad 5 smd rect (at 1 1.525 270) (size 0.25 1) (layers F.Cu F.Paste F.Mask)
      (net 9 /ILIM))
    (pad 6 smd rect (at 1 -1.525 270) (size 0.25 1) (layers F.Cu F.Paste F.Mask)
      (net 10 /PGFB))
    (pad 7 smd rect (at 0.5 -1.525 270) (size 0.25 1) (layers F.Cu F.Paste F.Mask)
      (net 7 /SET))
    (pad 8 smd rect (at 0 -1.525 270) (size 0.25 1) (layers F.Cu F.Paste F.Mask)
      (net 2 GND))
    (pad 9 smd rect (at -0.5 -1.525 270) (size 0.25 1) (layers F.Cu F.Paste F.Mask)
      (net 8 /OUTS))
    (pad 10 smd rect (at -1 -1.525 270) (size 0.25 1) (layers F.Cu F.Paste F.Mask)
      (net 3 /VOUT))
    (pad 11 smd rect (at 0 0 270) (size 2.38 1.65) (layers F.Cu F.Paste F.Mask)
      (net 2 GND))
    (model ${KIPRJMOD}/Straightener01.3dshapes/DFN-10.wrl
      (at (xyz 0 0 0))
      (scale (xyz 1 1 1))
      (rotate (xyz 0 0 0))
    )
  )

  (module Straightener01:C112640 (layer F.Cu) (tedit 5E222216) (tstamp 5E336D8D)
    (at 99.9 100.8 270)
    (path /5E22316F)
    (fp_text reference J1 (at 0 -4.1 90) (layer F.SilkS) hide
      (effects (font (size 1 1) (thickness 0.15)))
    )
    (fp_text value C112640 (at 0 -5.1 90) (layer F.Fab) hide
      (effects (font (size 1 1) (thickness 0.15)))
    )
    (pad 2 smd rect (at 4.475 0 270) (size 1.67 4.72) (layers B.Cu B.Paste B.Mask)
      (net 2 GND) (solder_mask_margin 0.5) (clearance 0.5))
    (pad 2 smd rect (at -4.475 0 270) (size 1.67 4.72) (layers B.Cu B.Paste B.Mask)
      (net 2 GND) (solder_mask_margin 0.5) (clearance 0.5))
    (pad 1 smd rect (at 0 0 270) (size 0.86 4.72) (layers F.Cu F.Paste F.Mask)
      (net 1 /VIN) (solder_mask_margin 0.5) (clearance 0.5))
    (pad 2 smd rect (at 4.925 0 270) (size 1.35 4.72) (layers F.Cu F.Paste F.Mask)
      (net 2 GND) (solder_mask_margin 0.5) (clearance 0.5))
    (pad 2 smd rect (at -4.925 0 270) (size 1.35 4.72) (layers F.Cu F.Paste F.Mask)
      (net 2 GND) (solder_mask_margin 0.5) (clearance 0.5))
    (model ${KIPRJMOD}/Straightener01.3dshapes/C112640.wrl
      (at (xyz 0 0 0))
      (scale (xyz 1 1 1))
      (rotate (xyz 0 0 0))
    )
  )

  (module Straightener01:C112640 (layer F.Cu) (tedit 5E222216) (tstamp 5E336D96)
    (at 150.1 100.8 90)
    (path /5E223758)
    (fp_text reference J2 (at 0 -4.1 90) (layer F.SilkS) hide
      (effects (font (size 1 1) (thickness 0.15)))
    )
    (fp_text value C112640 (at 0 -5.1 90) (layer F.Fab) hide
      (effects (font (size 1 1) (thickness 0.15)))
    )
    (pad 2 smd rect (at -4.925 0 90) (size 1.35 4.72) (layers F.Cu F.Paste F.Mask)
      (net 2 GND) (solder_mask_margin 0.5) (clearance 0.5))
    (pad 2 smd rect (at 4.925 0 90) (size 1.35 4.72) (layers F.Cu F.Paste F.Mask)
      (net 2 GND) (solder_mask_margin 0.5) (clearance 0.5))
    (pad 1 smd rect (at 0 0 90) (size 0.86 4.72) (layers F.Cu F.Paste F.Mask)
      (net 3 /VOUT) (solder_mask_margin 0.5) (clearance 0.5))
    (pad 2 smd rect (at -4.475 0 90) (size 1.67 4.72) (layers B.Cu B.Paste B.Mask)
      (net 2 GND) (solder_mask_margin 0.5) (clearance 0.5))
    (pad 2 smd rect (at 4.475 0 90) (size 1.67 4.72) (layers B.Cu B.Paste B.Mask)
      (net 2 GND) (solder_mask_margin 0.5) (clearance 0.5))
    (model ${KIPRJMOD}/Straightener01.3dshapes/C112640.wrl
      (at (xyz 0 0 0))
      (scale (xyz 1 1 1))
      (rotate (xyz 0 0 0))
    )
  )

  (module Resistor_SMD:R_0603_1608Metric_Pad1.05x0.95mm_HandSolder (layer F.Cu) (tedit 5B301BBD) (tstamp 5E336DA7)
    (at 106.7 108.8)
    (descr "Resistor SMD 0603 (1608 Metric), square (rectangular) end terminal, IPC_7351 nominal with elongated pad for handsoldering. (Body size source: http://www.tortai-tech.com/upload/download/2011102023233369053.pdf), generated with kicad-footprint-generator")
    (tags "resistor handsolder")
    (path /5E22B156)
    (attr smd)
    (fp_text reference R1 (at 0 -1.43) (layer F.SilkS)
      (effects (font (size 1 1) (thickness 0.15)))
    )
    (fp_text value SET (at 0 1.43) (layer F.Fab)
      (effects (font (size 1 1) (thickness 0.15)))
    )
    (fp_text user %R (at 0 0) (layer F.Fab)
      (effects (font (size 0.4 0.4) (thickness 0.06)))
    )
    (fp_line (start 1.65 0.73) (end -1.65 0.73) (layer F.CrtYd) (width 0.05))
    (fp_line (start 1.65 -0.73) (end 1.65 0.73) (layer F.CrtYd) (width 0.05))
    (fp_line (start -1.65 -0.73) (end 1.65 -0.73) (layer F.CrtYd) (width 0.05))
    (fp_line (start -1.65 0.73) (end -1.65 -0.73) (layer F.CrtYd) (width 0.05))
    (fp_line (start -0.171267 0.51) (end 0.171267 0.51) (layer F.SilkS) (width 0.12))
    (fp_line (start -0.171267 -0.51) (end 0.171267 -0.51) (layer F.SilkS) (width 0.12))
    (fp_line (start 0.8 0.4) (end -0.8 0.4) (layer F.Fab) (width 0.1))
    (fp_line (start 0.8 -0.4) (end 0.8 0.4) (layer F.Fab) (width 0.1))
    (fp_line (start -0.8 -0.4) (end 0.8 -0.4) (layer F.Fab) (width 0.1))
    (fp_line (start -0.8 0.4) (end -0.8 -0.4) (layer F.Fab) (width 0.1))
    (pad 2 smd roundrect (at 0.875 0) (size 1.05 0.95) (layers F.Cu F.Paste F.Mask) (roundrect_rratio 0.25)
      (net 4 /EN_UV))
    (pad 1 smd roundrect (at -0.875 0) (size 1.05 0.95) (layers F.Cu F.Paste F.Mask) (roundrect_rratio 0.25)
      (net 1 /VIN))
    (model ${KISYS3DMOD}/Resistor_SMD.3dshapes/R_0603_1608Metric.wrl
      (at (xyz 0 0 0))
      (scale (xyz 1 1 1))
      (rotate (xyz 0 0 0))
    )
  )

  (module Resistor_SMD:R_0603_1608Metric_Pad1.05x0.95mm_HandSolder (layer F.Cu) (tedit 5B301BBD) (tstamp 5E336DB8)
    (at 129.8 104 270)
    (descr "Resistor SMD 0603 (1608 Metric), square (rectangular) end terminal, IPC_7351 nominal with elongated pad for handsoldering. (Body size source: http://www.tortai-tech.com/upload/download/2011102023233369053.pdf), generated with kicad-footprint-generator")
    (tags "resistor handsolder")
    (path /5E230608)
    (attr smd)
    (fp_text reference R2 (at -2.32 -0.03 180) (layer F.SilkS)
      (effects (font (size 1 1) (thickness 0.15)))
    )
    (fp_text value 200k (at 0 1.43 90) (layer F.Fab)
      (effects (font (size 1 1) (thickness 0.15)))
    )
    (fp_line (start -0.8 0.4) (end -0.8 -0.4) (layer F.Fab) (width 0.1))
    (fp_line (start -0.8 -0.4) (end 0.8 -0.4) (layer F.Fab) (width 0.1))
    (fp_line (start 0.8 -0.4) (end 0.8 0.4) (layer F.Fab) (width 0.1))
    (fp_line (start 0.8 0.4) (end -0.8 0.4) (layer F.Fab) (width 0.1))
    (fp_line (start -0.171267 -0.51) (end 0.171267 -0.51) (layer F.SilkS) (width 0.12))
    (fp_line (start -0.171267 0.51) (end 0.171267 0.51) (layer F.SilkS) (width 0.12))
    (fp_line (start -1.65 0.73) (end -1.65 -0.73) (layer F.CrtYd) (width 0.05))
    (fp_line (start -1.65 -0.73) (end 1.65 -0.73) (layer F.CrtYd) (width 0.05))
    (fp_line (start 1.65 -0.73) (end 1.65 0.73) (layer F.CrtYd) (width 0.05))
    (fp_line (start 1.65 0.73) (end -1.65 0.73) (layer F.CrtYd) (width 0.05))
    (fp_text user %R (at 0 0 90) (layer F.Fab)
      (effects (font (size 0.4 0.4) (thickness 0.06)))
    )
    (pad 1 smd roundrect (at -0.875 0 270) (size 1.05 0.95) (layers F.Cu F.Paste F.Mask) (roundrect_rratio 0.25)
      (net 1 /VIN))
    (pad 2 smd roundrect (at 0.875 0 270) (size 1.05 0.95) (layers F.Cu F.Paste F.Mask) (roundrect_rratio 0.25)
      (net 5 /PG))
    (model ${KISYS3DMOD}/Resistor_SMD.3dshapes/R_0603_1608Metric.wrl
      (at (xyz 0 0 0))
      (scale (xyz 1 1 1))
      (rotate (xyz 0 0 0))
    )
  )

  (module Resistor_SMD:R_0603_1608Metric_Pad1.05x0.95mm_HandSolder (layer F.Cu) (tedit 5E34BF9A) (tstamp 5E336DC9)
    (at 132.06 106.8)
    (descr "Resistor SMD 0603 (1608 Metric), square (rectangular) end terminal, IPC_7351 nominal with elongated pad for handsoldering. (Body size source: http://www.tortai-tech.com/upload/download/2011102023233369053.pdf), generated with kicad-footprint-generator")
    (tags "resistor handsolder")
    (path /5E232A06)
    (attr smd)
    (fp_text reference R3 (at -2.76 0.06) (layer F.SilkS)
      (effects (font (size 1 1) (thickness 0.15)))
    )
    (fp_text value 249 (at 0 1.43) (layer F.Fab)
      (effects (font (size 1 1) (thickness 0.15)))
    )
    (fp_text user %R (at 0 0) (layer F.Fab)
      (effects (font (size 0.4 0.4) (thickness 0.06)))
    )
    (fp_line (start 1.65 0.73) (end -1.65 0.73) (layer F.CrtYd) (width 0.05))
    (fp_line (start 1.65 -0.73) (end 1.65 0.73) (layer F.CrtYd) (width 0.05))
    (fp_line (start -1.65 -0.73) (end 1.65 -0.73) (layer F.CrtYd) (width 0.05))
    (fp_line (start -1.65 0.73) (end -1.65 -0.73) (layer F.CrtYd) (width 0.05))
    (fp_line (start -0.171267 0.51) (end 0.171267 0.51) (layer F.SilkS) (width 0.12))
    (fp_line (start -0.171267 -0.51) (end 0.171267 -0.51) (layer F.SilkS) (width 0.12))
    (fp_line (start 0.8 0.4) (end -0.8 0.4) (layer F.Fab) (width 0.1))
    (fp_line (start 0.8 -0.4) (end 0.8 0.4) (layer F.Fab) (width 0.1))
    (fp_line (start -0.8 -0.4) (end 0.8 -0.4) (layer F.Fab) (width 0.1))
    (fp_line (start -0.8 0.4) (end -0.8 -0.4) (layer F.Fab) (width 0.1))
    (pad 2 smd roundrect (at 0.875 0) (size 1.05 0.95) (layers F.Cu F.Paste F.Mask) (roundrect_rratio 0.25)
      (net 2 GND))
    (pad 1 smd roundrect (at -0.875 0) (size 1.05 0.95) (layers F.Cu F.Paste F.Mask) (roundrect_rratio 0.25)
      (net 9 /ILIM))
    (model ${KISYS3DMOD}/Resistor_SMD.3dshapes/R_0603_1608Metric.wrl
      (at (xyz 0 0 0))
      (scale (xyz 1 1 1))
      (rotate (xyz 0 0 0))
    )
  )

  (module Resistor_SMD:R_0603_1608Metric_Pad1.05x0.95mm_HandSolder (layer F.Cu) (tedit 5B301BBD) (tstamp 5E336DDA)
    (at 139.5 103 90)
    (descr "Resistor SMD 0603 (1608 Metric), square (rectangular) end terminal, IPC_7351 nominal with elongated pad for handsoldering. (Body size source: http://www.tortai-tech.com/upload/download/2011102023233369053.pdf), generated with kicad-footprint-generator")
    (tags "resistor handsolder")
    (path /5E235C8D)
    (attr smd)
    (fp_text reference R4 (at 2.26 0.02 180) (layer F.SilkS)
      (effects (font (size 1 1) (thickness 0.15)))
    )
    (fp_text value SET (at 0 1.43 90) (layer F.Fab)
      (effects (font (size 1 1) (thickness 0.15)))
    )
    (fp_line (start -0.8 0.4) (end -0.8 -0.4) (layer F.Fab) (width 0.1))
    (fp_line (start -0.8 -0.4) (end 0.8 -0.4) (layer F.Fab) (width 0.1))
    (fp_line (start 0.8 -0.4) (end 0.8 0.4) (layer F.Fab) (width 0.1))
    (fp_line (start 0.8 0.4) (end -0.8 0.4) (layer F.Fab) (width 0.1))
    (fp_line (start -0.171267 -0.51) (end 0.171267 -0.51) (layer F.SilkS) (width 0.12))
    (fp_line (start -0.171267 0.51) (end 0.171267 0.51) (layer F.SilkS) (width 0.12))
    (fp_line (start -1.65 0.73) (end -1.65 -0.73) (layer F.CrtYd) (width 0.05))
    (fp_line (start -1.65 -0.73) (end 1.65 -0.73) (layer F.CrtYd) (width 0.05))
    (fp_line (start 1.65 -0.73) (end 1.65 0.73) (layer F.CrtYd) (width 0.05))
    (fp_line (start 1.65 0.73) (end -1.65 0.73) (layer F.CrtYd) (width 0.05))
    (fp_text user %R (at 0 0 90) (layer F.Fab)
      (effects (font (size 0.4 0.4) (thickness 0.06)))
    )
    (pad 1 smd roundrect (at -0.875 0 90) (size 1.05 0.95) (layers F.Cu F.Paste F.Mask) (roundrect_rratio 0.25)
      (net 7 /SET))
    (pad 2 smd roundrect (at 0.875 0 90) (size 1.05 0.95) (layers F.Cu F.Paste F.Mask) (roundrect_rratio 0.25)
      (net 6 "Net-(C3-Pad2)"))
    (model ${KISYS3DMOD}/Resistor_SMD.3dshapes/R_0603_1608Metric.wrl
      (at (xyz 0 0 0))
      (scale (xyz 1 1 1))
      (rotate (xyz 0 0 0))
    )
  )

  (module Resistor_SMD:R_0603_1608Metric_Pad1.05x0.95mm_HandSolder (layer F.Cu) (tedit 5B301BBD) (tstamp 5E336DEB)
    (at 135.5 106.8 180)
    (descr "Resistor SMD 0603 (1608 Metric), square (rectangular) end terminal, IPC_7351 nominal with elongated pad for handsoldering. (Body size source: http://www.tortai-tech.com/upload/download/2011102023233369053.pdf), generated with kicad-footprint-generator")
    (tags "resistor handsolder")
    (path /5E237473)
    (attr smd)
    (fp_text reference R5 (at -1.27 -1.55) (layer F.SilkS)
      (effects (font (size 1 1) (thickness 0.15)))
    )
    (fp_text value 453k (at 0 1.43) (layer F.Fab)
      (effects (font (size 1 1) (thickness 0.15)))
    )
    (fp_text user %R (at 0 0) (layer F.Fab)
      (effects (font (size 0.4 0.4) (thickness 0.06)))
    )
    (fp_line (start 1.65 0.73) (end -1.65 0.73) (layer F.CrtYd) (width 0.05))
    (fp_line (start 1.65 -0.73) (end 1.65 0.73) (layer F.CrtYd) (width 0.05))
    (fp_line (start -1.65 -0.73) (end 1.65 -0.73) (layer F.CrtYd) (width 0.05))
    (fp_line (start -1.65 0.73) (end -1.65 -0.73) (layer F.CrtYd) (width 0.05))
    (fp_line (start -0.171267 0.51) (end 0.171267 0.51) (layer F.SilkS) (width 0.12))
    (fp_line (start -0.171267 -0.51) (end 0.171267 -0.51) (layer F.SilkS) (width 0.12))
    (fp_line (start 0.8 0.4) (end -0.8 0.4) (layer F.Fab) (width 0.1))
    (fp_line (start 0.8 -0.4) (end 0.8 0.4) (layer F.Fab) (width 0.1))
    (fp_line (start -0.8 -0.4) (end 0.8 -0.4) (layer F.Fab) (width 0.1))
    (fp_line (start -0.8 0.4) (end -0.8 -0.4) (layer F.Fab) (width 0.1))
    (pad 2 smd roundrect (at 0.875 0 180) (size 1.05 0.95) (layers F.Cu F.Paste F.Mask) (roundrect_rratio 0.25)
      (net 10 /PGFB))
    (pad 1 smd roundrect (at -0.875 0 180) (size 1.05 0.95) (layers F.Cu F.Paste F.Mask) (roundrect_rratio 0.25)
      (net 3 /VOUT))
    (model ${KISYS3DMOD}/Resistor_SMD.3dshapes/R_0603_1608Metric.wrl
      (at (xyz 0 0 0))
      (scale (xyz 1 1 1))
      (rotate (xyz 0 0 0))
    )
  )

  (module Resistor_SMD:R_0603_1608Metric_Pad1.05x0.95mm_HandSolder (layer F.Cu) (tedit 5E34BF9D) (tstamp 5E336DFC)
    (at 133.81 108.4 180)
    (descr "Resistor SMD 0603 (1608 Metric), square (rectangular) end terminal, IPC_7351 nominal with elongated pad for handsoldering. (Body size source: http://www.tortai-tech.com/upload/download/2011102023233369053.pdf), generated with kicad-footprint-generator")
    (tags "resistor handsolder")
    (path /5E239B55)
    (attr smd)
    (fp_text reference R6 (at 2.72 0.06) (layer F.SilkS)
      (effects (font (size 1 1) (thickness 0.15)))
    )
    (fp_text value 49.9k (at 0 1.43) (layer F.Fab)
      (effects (font (size 1 1) (thickness 0.15)))
    )
    (fp_line (start -0.8 0.4) (end -0.8 -0.4) (layer F.Fab) (width 0.1))
    (fp_line (start -0.8 -0.4) (end 0.8 -0.4) (layer F.Fab) (width 0.1))
    (fp_line (start 0.8 -0.4) (end 0.8 0.4) (layer F.Fab) (width 0.1))
    (fp_line (start 0.8 0.4) (end -0.8 0.4) (layer F.Fab) (width 0.1))
    (fp_line (start -0.171267 -0.51) (end 0.171267 -0.51) (layer F.SilkS) (width 0.12))
    (fp_line (start -0.171267 0.51) (end 0.171267 0.51) (layer F.SilkS) (width 0.12))
    (fp_line (start -1.65 0.73) (end -1.65 -0.73) (layer F.CrtYd) (width 0.05))
    (fp_line (start -1.65 -0.73) (end 1.65 -0.73) (layer F.CrtYd) (width 0.05))
    (fp_line (start 1.65 -0.73) (end 1.65 0.73) (layer F.CrtYd) (width 0.05))
    (fp_line (start 1.65 0.73) (end -1.65 0.73) (layer F.CrtYd) (width 0.05))
    (fp_text user %R (at 0 0) (layer F.Fab)
      (effects (font (size 0.4 0.4) (thickness 0.06)))
    )
    (pad 1 smd roundrect (at -0.875 0 180) (size 1.05 0.95) (layers F.Cu F.Paste F.Mask) (roundrect_rratio 0.25)
      (net 10 /PGFB))
    (pad 2 smd roundrect (at 0.875 0 180) (size 1.05 0.95) (layers F.Cu F.Paste F.Mask) (roundrect_rratio 0.25)
      (net 2 GND))
    (model ${KISYS3DMOD}/Resistor_SMD.3dshapes/R_0603_1608Metric.wrl
      (at (xyz 0 0 0))
      (scale (xyz 1 1 1))
      (rotate (xyz 0 0 0))
    )
  )

  (module Straightener01:C_1206_Split (layer F.Cu) (tedit 5E34C504) (tstamp 5E337F4B)
    (at 134 100.99)
    (descr "Capacitor SMD 1206 (3216 Metric), square (rectangular) end terminal, IPC_7351 nominal with elongated pad for handsoldering. (Body size source: http://www.tortai-tech.com/upload/download/2011102023233369053.pdf), generated with kicad-footprint-generator")
    (tags "capacitor handsolder")
    (path /5E36F88B)
    (attr smd)
    (fp_text reference C4 (at 0 -1.82) (layer F.SilkS)
      (effects (font (size 1 1) (thickness 0.15)))
    )
    (fp_text value 10uF (at 0 1.82) (layer F.Fab) hide
      (effects (font (size 1 1) (thickness 0.15)))
    )
    (fp_line (start -1.6 0.8) (end -1.6 -0.8) (layer F.Fab) (width 0.1))
    (fp_line (start -1.6 -0.8) (end 1.6 -0.8) (layer F.Fab) (width 0.1))
    (fp_line (start 1.6 -0.8) (end 1.6 0.8) (layer F.Fab) (width 0.1))
    (fp_line (start 1.6 0.8) (end -1.6 0.8) (layer F.Fab) (width 0.1))
    (fp_line (start -0.602064 -0.91) (end 0.602064 -0.91) (layer F.SilkS) (width 0.12))
    (fp_line (start -0.602064 0.91) (end 0.602064 0.91) (layer F.SilkS) (width 0.12))
    (fp_line (start -2.45 1.12) (end -2.45 -1.12) (layer F.CrtYd) (width 0.05))
    (fp_line (start -2.45 -1.12) (end 2.45 -1.12) (layer F.CrtYd) (width 0.05))
    (fp_line (start 2.45 -1.12) (end 2.45 1.12) (layer F.CrtYd) (width 0.05))
    (fp_line (start 2.45 1.12) (end -2.45 1.12) (layer F.CrtYd) (width 0.05))
    (fp_text user %R (at 0 0) (layer F.Fab) hide
      (effects (font (size 0.8 0.8) (thickness 0.12)))
    )
    (pad 1 smd roundrect (at -1.4875 -0.475) (size 1.425 0.8) (layers F.Cu F.Paste F.Mask) (roundrect_rratio 0.175)
      (net 6 "Net-(C3-Pad2)"))
    (pad 2 smd roundrect (at -1.4875 0.475) (size 1.425 0.8) (layers F.Cu F.Paste F.Mask) (roundrect_rratio 0.175)
      (net 2 GND))
    (pad 3 smd roundrect (at 1.4875 -0.475) (size 1.425 0.8) (layers F.Cu F.Paste F.Mask) (roundrect_rratio 0.175)
      (net 3 /VOUT))
    (pad 4 smd roundrect (at 1.4875 0.475) (size 1.425 0.8) (layers F.Cu F.Paste F.Mask) (roundrect_rratio 0.175)
      (net 8 /OUTS))
    (model ${KISYS3DMOD}/Capacitor_SMD.3dshapes/C_1206_3216Metric.wrl
      (at (xyz 0 0 0))
      (scale (xyz 1 1 1))
      (rotate (xyz 0 0 0))
    )
  )

  (gr_line (start 153 110) (end 97 110) (layer Edge.Cuts) (width 0.05) (tstamp 5E338071))
  (gr_line (start 153 90) (end 153 110) (layer Edge.Cuts) (width 0.05))
  (gr_line (start 97 90) (end 153 90) (layer Edge.Cuts) (width 0.05))
  (gr_line (start 97 110) (end 97 90) (layer Edge.Cuts) (width 0.05))

  (via (at 108.7 108.8) (size 0.5588) (drill 0.4) (layers F.Cu B.Cu) (net 4) (tstamp 5E4461F5))
  (via (at 104.7 108.8) (size 0.5588) (drill 0.4) (layers F.Cu B.Cu) (net 1) (tstamp 5E4461F5))
  (via (at 98 99.8) (size 0.8) (drill 0.4) (layers F.Cu B.Cu) (net 1))
  (via (at 98.8 99.8) (size 0.8) (drill 0.4) (layers F.Cu B.Cu) (net 1))
  (via (at 98 101.8) (size 0.8) (drill 0.4) (layers F.Cu B.Cu) (net 1))
  (via (at 98.8 101.8) (size 0.8) (drill 0.4) (layers F.Cu B.Cu) (net 1))
  (via (at 127.9 104.9) (size 0.5588) (drill 0.4) (layers F.Cu B.Cu) (net 1) (tstamp 5E445362))
  (via (at 127.9 102.8875) (size 0.5588) (drill 0.4) (layers F.Cu B.Cu) (net 1) (tstamp 5E445362))
  (via (at 127.9 100.875) (size 0.5588) (drill 0.4) (layers F.Cu B.Cu) (net 1) (tstamp 5E445362))
  (via (at 127.9 98.8625) (size 0.5588) (drill 0.4) (layers F.Cu B.Cu) (net 1) (tstamp 5E445362))
  (via (at 127.9 96.85) (size 0.5588) (drill 0.4) (layers F.Cu B.Cu) (net 1) (tstamp 5E445362))
  (segment (start 105.825 108.8) (end 104.7 108.8) (width 0.25) (layer F.Cu) (net 1))
  (segment (start 104.7 108.8) (end 100.4 108.8) (width 0.25) (layer In2.Cu) (net 1))
  (segment (start 98.8 107.2) (end 98.8 101.8) (width 0.25) (layer In2.Cu) (net 1))
  (segment (start 100.4 108.8) (end 98.8 107.2) (width 0.25) (layer In2.Cu) (net 1))
  (via (at 132.4 106.2) (size 0.5588) (drill 0.4) (layers F.Cu B.Cu) (net 2) (tstamp 5E445362))
  (via (at 133.5 106.2) (size 0.5588) (drill 0.4) (layers F.Cu B.Cu) (net 2) (tstamp 5E445362))
  (via (at 133.5 107.4) (size 0.5588) (drill 0.4) (layers F.Cu B.Cu) (net 2) (tstamp 5E445362))
  (via (at 132.6 102.7) (size 0.5588) (drill 0.4) (layers F.Cu B.Cu) (net 2) (tstamp 5E445362))
  (via (at 133.4 102.7) (size 0.5588) (drill 0.4) (layers F.Cu B.Cu) (net 2) (tstamp 5E445362))
  (via (at 133.4 104.8) (size 0.5588) (layers F.Cu B.Cu) (net 2) (tstamp 5E34BEFD))
  (via (at 132.602 104.8) (size 0.5588) (layers F.Cu B.Cu) (net 2) (tstamp 5E34BEFD))
  (via (at 133.4 103.999) (size 0.5588) (layers F.Cu B.Cu) (net 2) (tstamp 5E34BEFD))
  (via (at 132.602 103.999) (size 0.5588) (layers F.Cu B.Cu) (net 2) (tstamp 5E34BEFD))
  (via (at 133.4 103.199) (size 0.5588) (layers F.Cu B.Cu) (net 2) (tstamp 5E34BEFD))
  (via (at 132.6 103.2) (size 0.5588) (layers F.Cu B.Cu) (net 2) (tstamp 5E34BEFD))
  (via (at 134.4 102.4) (size 0.5588) (drill 0.4) (layers F.Cu B.Cu) (net 3) (tstamp 5E445362))
  (via (at 135.1 102.4) (size 0.5588) (drill 0.4) (layers F.Cu B.Cu) (net 3) (tstamp 5E445362))
  (via (at 134.2 100.8) (size 0.5588) (drill 0.4) (layers F.Cu B.Cu) (net 3) (tstamp 5E445362))
  (via (at 134.2 101.4) (size 0.5588) (drill 0.4) (layers F.Cu B.Cu) (net 3) (tstamp 5E445362))
  (via (at 137.3 106.8) (size 0.5588) (drill 0.4) (layers F.Cu B.Cu) (net 3) (tstamp 5E34C96D))
  (via (at 135.34 99.9) (size 0.5588) (drill 0.4) (layers F.Cu B.Cu) (net 3) (tstamp 5E34C8C8))
  (segment (start 135.34 100.3675) (end 135.4875 100.515) (width 0.254) (layer F.Cu) (net 3))
  (segment (start 135.34 99.91) (end 135.34 100.3675) (width 0.254) (layer F.Cu) (net 3))
  (segment (start 134.4 103.9) (end 134.4 102.4) (width 0.254) (layer In2.Cu) (net 3))
  (segment (start 137.3 106.8) (end 134.4 103.9) (width 0.254) (layer In2.Cu) (net 3))
  (via (at 130.7 104) (size 0.41) (drill 0.4) (layers F.Cu B.Cu) (net 4) (tstamp 5E445612))
  (segment (start 131.475 104) (end 130.7 104) (width 0.25) (layer F.Cu) (net 4))
  (segment (start 107.575 108.8) (end 108.7 108.8) (width 0.25) (layer F.Cu) (net 4))
  (segment (start 130.7 104) (end 130.3 103.6) (width 0.254) (layer In1.Cu) (net 4))
  (segment (start 108.7 107.4) (end 108.7 108.8) (width 0.254) (layer In1.Cu) (net 4))
  (segment (start 112.5 103.6) (end 108.7 107.4) (width 0.254) (layer In1.Cu) (net 4))
  (segment (start 130.3 103.6) (end 112.5 103.6) (width 0.254) (layer In1.Cu) (net 4))
  (via (at 129.14 104.53) (size 0.5588) (drill 0.4) (layers F.Cu B.Cu) (net 5) (tstamp 5E34C96D))
  (via (at 132.5 99.9) (size 0.5588) (drill 0.4) (layers F.Cu B.Cu) (net 6) (tstamp 5E34C96D))
  (segment (start 135.9 103) (end 135.9 101.8775) (width 0.254) (layer F.Cu) (net 8))
  (segment (start 134.525 103.5) (end 135.4 103.5) (width 0.254) (layer F.Cu) (net 8))
  (segment (start 135.9 101.8775) (end 135.4875 101.465) (width 0.254) (layer F.Cu) (net 8))
  (segment (start 135.4 103.5) (end 135.9 103) (width 0.254) (layer F.Cu) (net 8))

  (zone (net 10) (net_name /PGFB) (layer F.Cu) (tstamp 5E4460E7) (hatch edge 0.508)
    (connect_pads yes (clearance 0.2))
    (min_thickness 0.254)
    (fill yes (arc_segments 32) (thermal_gap 0.508) (thermal_bridge_width 0.508) (smoothing fillet) (radius 0.3))
    (polygon
      (pts
        (xy 135.4 105.18) (xy 135.4 109.1) (xy 134.1 109.1) (xy 134.1 105.13) (xy 134.02 105.13)
        (xy 134.02 104.88) (xy 135.1 104.88)
      )
    )
    (filled_polygon
      (pts
        (xy 135.040987 105.022467) (xy 135.10691 105.066516) (xy 135.213484 105.17309) (xy 135.257533 105.239013) (xy 135.273 105.316773)
        (xy 135.273 108.787491) (xy 135.257533 108.865251) (xy 135.22057 108.92057) (xy 135.165251 108.957533) (xy 135.087491 108.973)
        (xy 134.412509 108.973) (xy 134.334749 108.957533) (xy 134.27943 108.92057) (xy 134.242467 108.865251) (xy 134.227 108.787491)
        (xy 134.227 105.17) (xy 134.22456 105.145224) (xy 134.217332 105.121398) (xy 134.205616 105.093114) (xy 134.19388 105.071157)
        (xy 134.178086 105.051912) (xy 134.15884 105.036119) (xy 134.153582 105.033308) (xy 134.153582 105.00918) (xy 134.161718 105.007)
        (xy 134.963227 105.007)
      )
    )
  )
  (zone (net 7) (net_name /SET) (layer F.Cu) (tstamp 5E4460E4) (hatch edge 0.508)
    (connect_pads yes (clearance 0.2))
    (min_thickness 0.254)
    (fill yes (arc_segments 32) (thermal_gap 0.508) (thermal_bridge_width 0.508) (smoothing fillet) (radius 0.3))
    (polygon
      (pts
        (xy 140.28 105.31) (xy 135.67 105.31) (xy 135.03 104.67) (xy 133.98 104.67) (xy 133.98 104.33)
        (xy 135.04 104.33) (xy 136.11 103.25) (xy 140.28 103.25)
      )
    )
    (filled_polygon
      (pts
        (xy 140.045251 103.392467) (xy 140.10057 103.42943) (xy 140.137533 103.484749) (xy 140.153 103.562509) (xy 140.153 104.997491)
        (xy 140.137533 105.075251) (xy 140.10057 105.13057) (xy 140.045251 105.167533) (xy 139.967491 105.183) (xy 135.806773 105.183)
        (xy 135.729013 105.167533) (xy 135.66309 105.123484) (xy 135.345859 104.806253) (xy 135.32857 104.749257) (xy 135.298206 104.69245)
        (xy 135.257343 104.642657) (xy 135.20755 104.601794) (xy 135.150743 104.57143) (xy 135.089103 104.552732) (xy 135.025 104.546418)
        (xy 134.935429 104.546418) (xy 134.930512 104.54544) (xy 134.905736 104.543) (xy 134.166718 104.543) (xy 134.153582 104.53948)
        (xy 134.153582 104.46052) (xy 134.166718 104.457) (xy 134.914918 104.457) (xy 134.939839 104.454531) (xy 134.944581 104.453582)
        (xy 135.025 104.453582) (xy 135.089103 104.447268) (xy 135.150743 104.42857) (xy 135.20755 104.398206) (xy 135.257343 104.357343)
        (xy 135.298206 104.30755) (xy 135.32857 104.250743) (xy 135.34237 104.20525) (xy 135.716797 103.827325) (xy 135.722579 103.822579)
        (xy 135.727795 103.816224) (xy 135.938167 103.603885) (xy 136.108054 103.433999) (xy 136.169475 103.392648) (xy 136.247666 103.377)
        (xy 139.967491 103.377)
      )
    )
  )
  (zone (net 6) (net_name "Net-(C3-Pad2)") (layer F.Cu) (tstamp 5E4460E1) (hatch edge 0.508)
    (connect_pads yes (clearance 0.2))
    (min_thickness 0.254)
    (fill yes (arc_segments 32) (thermal_gap 0.508) (thermal_bridge_width 0.508) (smoothing fillet) (radius 0.3))
    (polygon
      (pts
        (xy 140.2 103) (xy 136.4 103) (xy 136.4 99.8) (xy 133.5 99.8) (xy 133.5 100.9)
        (xy 131.1 100.9) (xy 131.1 98.6) (xy 140.2 98.6)
      )
    )
    (filled_polygon
      (pts
        (xy 139.965251 98.742467) (xy 140.02057 98.77943) (xy 140.057533 98.834749) (xy 140.073 98.912509) (xy 140.073 102.687491)
        (xy 140.057533 102.765251) (xy 140.02057 102.82057) (xy 139.965251 102.857533) (xy 139.887491 102.873) (xy 136.712509 102.873)
        (xy 136.634749 102.857533) (xy 136.57943 102.82057) (xy 136.542467 102.765251) (xy 136.527 102.687491) (xy 136.527 101.741062)
        (xy 136.528582 101.725) (xy 136.528582 101.205) (xy 136.527 101.188938) (xy 136.527 100.791062) (xy 136.528582 100.775)
        (xy 136.528582 100.255) (xy 136.527 100.238938) (xy 136.527 100.1) (xy 136.52456 100.075224) (xy 136.501724 99.960419)
        (xy 136.494497 99.936594) (xy 136.482761 99.914637) (xy 136.417729 99.81731) (xy 136.401934 99.798065) (xy 136.38269 99.782271)
        (xy 136.285363 99.717239) (xy 136.263406 99.705503) (xy 136.239581 99.698276) (xy 136.124776 99.67544) (xy 136.1 99.673)
        (xy 135.902336 99.673) (xy 135.877385 99.612762) (xy 135.811022 99.513443) (xy 135.726557 99.428978) (xy 135.627238 99.362615)
        (xy 135.51688 99.316904) (xy 135.399725 99.2936) (xy 135.280275 99.2936) (xy 135.16312 99.316904) (xy 135.052762 99.362615)
        (xy 134.953443 99.428978) (xy 134.868978 99.513443) (xy 134.802615 99.612762) (xy 134.777664 99.673) (xy 133.8 99.673)
        (xy 133.775224 99.67544) (xy 133.660419 99.698276) (xy 133.636594 99.705503) (xy 133.614637 99.717239) (xy 133.51731 99.782271)
        (xy 133.498065 99.798066) (xy 133.482271 99.81731) (xy 133.417239 99.914637) (xy 133.405503 99.936594) (xy 133.398276 99.960419)
        (xy 133.37544 100.075224) (xy 133.373 100.1) (xy 133.373 100.587491) (xy 133.357533 100.665251) (xy 133.32057 100.72057)
        (xy 133.265251 100.757533) (xy 133.235711 100.763409) (xy 133.176416 100.745422) (xy 133.085 100.736418) (xy 131.94 100.736418)
        (xy 131.848584 100.745422) (xy 131.760681 100.772087) (xy 131.758973 100.773) (xy 131.412509 100.773) (xy 131.334749 100.757533)
        (xy 131.27943 100.72057) (xy 131.242467 100.665251) (xy 131.227 100.587491) (xy 131.227 98.912509) (xy 131.242467 98.834749)
        (xy 131.27943 98.77943) (xy 131.334749 98.742467) (xy 131.412509 98.727) (xy 139.887491 98.727)
      )
    )
  )
  (zone (net 3) (net_name /VOUT) (layer F.Cu) (tstamp 5E4460DE) (hatch edge 0.508)
    (connect_pads yes (clearance 0.2))
    (min_thickness 0.254)
    (fill yes (arc_segments 32) (thermal_gap 0.508) (thermal_bridge_width 0.508) (smoothing fillet) (radius 0.3))
    (polygon
      (pts
        (xy 136.2 101) (xy 134.7 101) (xy 134.7 102.1) (xy 135.57 102.1) (xy 135.57 102.79)
        (xy 135.22 103.14) (xy 134.01 103.14) (xy 134.01 102.7) (xy 133.7 102.39) (xy 133.7 100)
        (xy 136.2 100)
      )
    )
    (filled_polygon
      (pts
        (xy 135.965251 100.142467) (xy 136.02057 100.17943) (xy 136.057533 100.234749) (xy 136.073 100.312509) (xy 136.073 100.687491)
